0	0.328028666
0.00010714	0.33083041
9.995E-05	0.333810301
0.00022731	0.357486927
0.00032493	0.360769203
0.00037027	0.360513951
0.00060456	0.363165071
0.00055963	0.370076935
0.00071281	0.383329223
0.00080238	0.376045502
0.00096608	0.386028738
0.00101821	0.397186841
0.00129023	0.397359721
0.00131884	0.404550494
0.00157163	0.420583827
0.00155833	0.417808195
0.00164646	0.427319213
0.00174683	0.442197384
0.00191186	0.429704083
0.00205773	0.43038411
0.00191805	0.451528338
0.00217924	0.43699743
0.00231971	0.451503985
0.00243715	0.464451351
0.00251331	0.457935034
0.00260323	0.465259918
0.00276889	0.468416371
0.00283753	0.472922564
0.00281944	0.469150026
0.00295627	0.481994239
0.00274071	0.47741545
0.00311394	0.479048574
0.00303192	0.493355525
0.00305883	0.492666527
0.00314833	0.49699871
0.00331122	0.495469119
0.00320293	0.487235411
0.00320978	0.494361504
0.00324458	0.500379568
0.00331483	0.501568135
0.0032624	0.504001137
0.00337732	0.519115339
0.00330372	0.507161272
0.00341492	0.508520748
0.00346156	0.511836533
0.00345225	0.518282626
0.00328968	0.527523265
0.00338712	0.52288767
0.00341387	0.51347833
0.00345306	0.526614702
0.00342065	0.526975666
0.00354584	0.540026723
0.00351802	0.52416398
0.00343623	0.539952286
0.00355322	0.532808039
0.0034698	0.546566502
0.0036027	0.543326408
0.0035135	0.537634647
0.00362738	0.551015889
0.00362924	0.557130163
0.00350994	0.558671799
0.00353404	0.557641675
0.00353932	0.56877455
0.00356179	0.554501052
0.00363185	0.575298975
0.0035668	0.570479261
0.00366286	0.545005609
0.00364603	0.556539582
0.00356822	0.564864819
0.00360759	0.575978871
0.00376305	0.572863187
0.00369951	0.572923833
0.00366347	0.582887978
0.00367702	0.5845495
0.00378612	0.589531124
0.00371455	0.591804264
0.00377595	0.57579507
0.00373607	0.583833151
0.0038292	0.599673486
0.00373288	0.605187292
0.00371998	0.606203323
0.00381316	0.60657265
0.00371062	0.616406545
0.00380885	0.609749877
0.00380673	0.611399775
0.00383965	0.600890087
0.00378524	0.62244823
0.00381849	0.618956586
0.00383616	0.620106074
0.00380983	0.617811208
0.00388796	0.627822479
0.00385588	0.625872485
0.00383039	0.627395346
0.0038495	0.632704997
0.00377749	0.63720262
0.00387856	0.627526485
0.00392571	0.636088489
0.0039672	0.641346595
0.00400017	0.637034242
0.00388417	0.642963722
0.00389008	0.654226157
0.00381339	0.650983436
0.00395097	0.642162518
0.00389684	0.651687422
0.00399232	0.658562186
0.00394715	0.650865873
0.00396198	0.650970336
0.00411665	0.652760212
0.00402981	0.656599981
0.00410501	0.678953323
0.00402305	0.66970348
0.0040038	0.667863947
0.00419002	0.668310234
0.00400964	0.684796638
0.00426946	0.671691195
0.00409304	0.680995163
0.00422156	0.681619721
0.00423169	0.673486167
0.00425165	0.679857093
0.00430087	0.6807918
0.00423921	0.686814967
0.00442306	0.679321753
0.00450394	0.695654087
0.00442415	0.690214848
0.00444832	0.690002143
0.00450478	0.697934886
0.00457419	0.695803152
0.0046696	0.708077551
0.00471845	0.686341535
0.00461502	0.717300035
0.0046947	0.703312279
0.00476038	0.712305856
0.00496425	0.709724581
0.00482618	0.713615178
0.00493773	0.709761951
0.00488236	0.710248586
0.0049907	0.715786696
0.00513866	0.733895129
0.0050489	0.721792687
0.00512665	0.728119287
0.00520257	0.724870043
0.00532311	0.726986816
0.00526167	0.730406016
0.0051605	0.736000319
0.00536947	0.745227216
0.00550528	0.740834746
0.00515484	0.737586399
0.00555827	0.754886348
0.00576793	0.748977987
0.00554784	0.758046649
0.00582614	0.751027604
0.00601371	0.76346017
0.00589687	0.754744936
0.00594949	0.764478945
0.00614814	0.773950056
0.00595904	0.762562053
0.0060176	0.766362536
0.00628728	0.757170595
0.00633157	0.778993465
0.00633345	0.771163523
0.00638549	0.780512458
0.00628975	0.765622931
0.00654342	0.783630218
0.00641483	0.787879
0.00631671	0.788036271
0.00654105	0.782436038
0.00660712	0.791795936
0.00680466	0.789798995
0.00649562	0.798299318
0.00688766	0.791820344
0.00687225	0.807066608
0.00667343	0.806663331
0.00666251	0.797275027
0.00673644	0.808462736
0.00700876	0.804021244
0.00702019	0.810048954
0.00691695	0.822647132
0.00698741	0.810102871
0.00716031	0.812615336
0.00714862	0.831230193
0.00716154	0.82902434
0.00705102	0.828549219
0.00729244	0.820201961
0.00745561	0.842577655
0.00741921	0.843881048
0.00740527	0.832273928
0.00753419	0.840294373
0.00731141	0.847787021
0.00760315	0.848267037
0.00766229	0.850487232
0.00746205	0.845748643
0.00774054	0.845533663
0.00765645	0.852268848
0.00789563	0.849851255
0.00779314	0.854220283
0.00763186	0.864708377
0.00800199	0.863836185
0.00818024	0.862231696
0.00806364	0.871552156
0.00833692	0.871018153
0.00847836	0.871749416
0.0079808	0.88250882
0.00864206	0.880035587
0.00853207	0.885882722
0.00867804	0.874146876
0.00857226	0.886625154
0.00854453	0.890803403
0.00849112	0.898484968
0.00869641	0.88761373
0.00857594	0.89671528
0.00895725	0.891979311
0.00879799	0.891711103
0.00871222	0.908044264
0.00874307	0.905980788
0.0090626	0.912915578
0.00930153	0.910277076
0.00905285	0.918464582
0.00907462	0.923440214
0.00907701	0.903535892
0.00921185	0.914040326
0.00926887	0.918673218
0.00933967	0.917724632
0.00943176	0.91790762
0.00945283	0.93233685
0.00935483	0.923760409
0.00940072	0.930773799
0.00955993	0.931292081
0.00952356	0.933244689
0.00967967	0.937029658
0.00963029	0.938392415
0.00970729	0.950058555
0.00975516	0.937297452
0.00992717	0.945663671
0.00968715	0.942847904
0.00968375	0.932737163
0.01002221	0.9482133
0.01011053	0.957477084
0.00985791	0.947587114
0.00985043	0.95626684
0.01005302	0.964180139
0.00996764	0.954540864
0.01002512	0.952109206
0.0100387	0.968160025
0.01012547	0.977161255
0.0105404	0.968072875
0.01012042	0.966245132
0.01028606	0.981868818
0.01016103	0.969228926
0.01058823	0.980485445
0.0107086	0.989613885
0.01023183	0.978885576
0.01058783	0.991853453
0.01062436	0.995533967
0.01071461	1.001244447
0.01029807	0.996040941
0.01070313	0.990279302
0.01071994	1.009716708
0.01100809	1.001016505
0.01089135	1.002845282
0.01087926	1.009482837
0.01120108	1.012008333
0.01085999	1.002379331
0.01072434	1.018437389
0.01079691	1.017820236
0.01075167	1.019347641
0.01117191	1.023389234
0.01102259	1.020781897
0.01105342	1.024017833
0.01114825	1.030743642
0.01117724	1.030444476
0.01130087	1.034474073
0.01111028	1.033874915
0.01122823	1.04300756
0.01131771	1.047282199
0.01130132	1.036243348
0.01163177	1.048872208
0.01130488	1.038507462
0.01150409	1.051575177
0.01155186	1.055982264
0.01150718	1.054414318
0.01159384	1.059306247
0.01166546	1.069379964
0.01172365	1.06635618
0.01157799	1.051820908
0.01171592	1.06210988
0.01159464	1.061042427
0.01180276	1.075733453
0.01163547	1.080798511
0.01180626	1.07217877
0.01167859	1.077561609
0.01165578	1.082427407
0.0117412	1.091518201
0.01200784	1.08405003
0.0117555	1.105127433
0.01185631	1.090153651
0.0118162	1.103423108
0.01178947	1.106989512
0.01177296	1.091314736
0.01183054	1.103979794
0.01192283	1.11080144
0.0118843	1.128496944
0.01208044	1.116936985
0.01202537	1.105565046
0.01210232	1.133222709
0.0120324	1.124627444
0.01209091	1.127224233
0.0120907	1.129526062
0.0122494	1.129316943
0.01208679	1.130933222
0.01223161	1.130780778
0.01225809	1.143017117
0.01225583	1.129566672
0.01237564	1.146846006
0.01229161	1.157673256
0.01240745	1.13978256
0.0125149	1.155800076
0.01248535	1.153670893
0.01250496	1.153449846
0.01237923	1.168492093
0.01251038	1.166730196
0.01245557	1.172648141
0.01266002	1.177255867
0.01237916	1.183630799
0.01257183	1.178843325
0.01271651	1.180514901
0.01250398	1.192919818
0.01262826	1.183993879
0.01273083	1.190106395
0.01262731	1.188300233
0.01275108	1.198779364
0.01273898	1.202247379
0.01282694	1.200673503
0.0128647	1.208931129
0.01300592	1.198038311
0.0129214	1.205908242
0.01299579	1.20139725
0.01293157	1.215308268
0.01300862	1.231304411
0.01304897	1.222809259
0.01303344	1.228096398
0.01301998	1.223348018
0.0131034	1.22672385
0.01311742	1.237250831
0.01306019	1.239696554
0.01321325	1.240055842
0.01322028	1.237195328
0.01328147	1.241992661
0.01330555	1.251086971
0.01334981	1.247861376
0.01332834	1.255241777
0.01326948	1.255417112
0.01337467	1.26893685
0.01335237	1.265585287
0.01348985	1.264726126
0.01347779	1.271005703
0.01347865	1.27650734
0.01361114	1.266077645
0.01352797	1.280156964
0.01356664	1.275421823
0.01360729	1.285275043
0.01356676	1.285238018
0.01372543	1.283487498
0.01376145	1.278805928
0.01385787	1.286056224
0.01387575	1.290934916
0.01393572	1.298908614
0.01386713	1.303011779
0.01392671	1.297808825
0.01385025	1.313352531
0.013835	1.297586605
0.01398217	1.322078521
0.01405731	1.317361926
0.01401698	1.321854026
0.0141219	1.313687204
0.01418164	1.328178212
0.01418553	1.324207911
0.01414255	1.341215796
0.01418618	1.350033004
0.01432376	1.328419737
0.01440937	1.349234725
0.01435761	1.344463799
0.01436555	1.336929023
0.01452688	1.355320902
0.01444961	1.354890184
0.01458763	1.369117604
0.01455445	1.365761215
0.01468653	1.374104958
0.01469014	1.374890827
0.01473848	1.382037356
0.01483105	1.382169529
0.01484002	1.394113047
0.01494982	1.37456229
0.0148429	1.398314393
0.01490982	1.391586034
0.01498221	1.404087754
0.01493697	1.402373224
0.01509306	1.386315304
0.01515792	1.413779292
0.01518998	1.409029947
0.01516139	1.421573105
0.01524998	1.425103035
0.01531292	1.42885491
0.01537378	1.418109984
0.01546985	1.42259712
0.01541259	1.422316364
0.01553266	1.436949198
0.01558994	1.437340547
0.01562158	1.436457944
0.01548563	1.449148926
0.01560926	1.461651819
0.01567115	1.449178918
0.01566968	1.4572861
0.01581427	1.479030438
0.01593993	1.467964835
0.01577411	1.476766806
0.01591017	1.468593365
0.01590184	1.474670304
0.01594841	1.483564527
0.01605495	1.489063889
0.01610075	1.483141807
0.01607809	1.483217029
0.0163218	1.502126363
0.01624419	1.505724414
0.01633283	1.506303371
0.01638352	1.512666995
0.01642147	1.523020158
0.01650415	1.51087152
0.01656175	1.523842846
0.01659768	1.531458221
0.01661998	1.529734797
0.01667272	1.538865236
0.01682201	1.542887317
0.01695996	1.537543778
0.01686271	1.548057452
0.01703682	1.552061607
0.01709826	1.548221686
0.01707056	1.563817862
0.01730346	1.567187626
0.01718208	1.564741489
0.01740085	1.57659627
0.01736586	1.574455366
0.01747652	1.586275122
0.01755685	1.59595418
0.01778889	1.601460367
0.0177236	1.604352115
0.01773282	1.60295054
0.01786442	1.60693277
0.01800034	1.59511853
0.01813215	1.618569951
0.01810921	1.620895843
0.01827299	1.626419543
0.01829136	1.6317455
0.01828966	1.630735412
0.01856943	1.637479354
0.01863944	1.640694882
0.018737	1.662740315
0.01870377	1.649534222
0.01890312	1.65879318
0.01893951	1.660057135
0.01895532	1.66861241
0.01904901	1.659175497
0.01909798	1.671223332
0.01928617	1.677341364
0.01930308	1.690087505
0.01943241	1.692067071
0.01978501	1.685199368
0.01964531	1.7040059
0.01992133	1.703318282
0.01984033	1.708530061
0.01994043	1.724914105
0.01988192	1.70892665
0.02011919	1.728548354
0.02037293	1.724270958
0.02013908	1.733301974
0.02055463	1.736616374
0.02075126	1.753712858
0.0206964	1.741268088
0.02045256	1.74757752
0.0210765	1.763801812
0.0211178	1.760380198
0.02152782	1.761278453
0.02141341	1.764082085
0.02150482	1.768882107
0.02168638	1.782819807
0.02197504	1.79085549
0.02169346	1.786431579
0.0221	1.791365291
0.02235241	1.80108365
0.02217581	1.80933645
0.02216752	1.803141472
0.02252939	1.802623466
0.02283905	1.814569603
0.02276639	1.823163282
0.02284713	1.827176262
0.02307018	1.831233025
0.02311242	1.848150244
0.02346988	1.84224078
0.02318655	1.846218803
0.02331265	1.860850534
0.02366569	1.855138468
0.02353203	1.862250385
0.02386518	1.878875265
0.02396623	1.880725485
0.02426733	1.882105548
0.02401559	1.898571571
0.02418123	1.902562488
0.02459061	1.898309017
0.02451757	1.925935516
0.0247719	1.923724284
0.02478347	1.911496839
0.02517357	1.91479607
0.02529881	1.930303923
0.02554806	1.935112908
0.02562135	1.938640495
0.02574683	1.966524376
0.02583796	1.94977932
0.02611852	1.954895261
0.02624124	1.968548689
0.02643188	1.976950279
0.02658588	1.980806747
0.02658637	1.985109034
0.02697643	2.000876752
0.02714742	2.010013465
0.02716381	2.000430038
0.02743643	2.016612202
0.02767478	2.022257182
0.02781234	2.041324958
0.0280403	2.04770844
0.0283221	2.034678853
0.02829053	2.045947508
0.0285899	2.053128511
0.02875109	2.069682098
0.02886145	2.069279787
0.02902299	2.072996084
0.02916606	2.082165409
0.02932797	2.1011379
0.02958362	2.107146028
0.0297581	2.113114994
0.02979484	2.105528163
0.02998157	2.114869238
0.03022004	2.129591774
0.03030865	2.130575662
0.03060579	2.127605106
0.03073301	2.143576014
0.03101609	2.147978689
0.03109953	2.154717804
0.03135826	2.166139178
0.03150662	2.165328074
0.03182047	2.18552053
0.03191535	2.193533253
0.03232199	2.209754993
0.03226886	2.215547246
0.03278497	2.212998928
0.03282125	2.220488749
0.03315375	2.231381637
0.03343473	2.228745548
0.03354132	2.243049224
0.03387092	2.24707103
0.03463332	2.256206295
0.03503186	2.26601994
0.03509076	2.284558127
0.0354015	2.284097968
0.03582213	2.295699503
0.03609019	2.303295366
0.03627771	2.300104453
0.03674589	2.312357615
0.03729907	2.324246595
0.03737162	2.347071072
0.0376444	2.339119782
0.03814573	2.363102033
0.03854655	2.373783389
0.03928935	2.368913178
0.03944267	2.39596134
0.03999834	2.383610271
0.04032005	2.408758572
0.04107148	2.410447798
0.04168839	2.413296591
0.04165347	2.41909429
0.04249611	2.433078531
0.04301143	2.447227901
0.04290358	2.450981224
0.04355169	2.462287592
0.04377504	2.470607479
0.0442303	2.468765326
0.04448047	2.471741191
0.04507182	2.488651239
0.04510255	2.499546609
0.04558328	2.500749545
0.04609588	2.508448072
0.04651348	2.544896811
0.04675213	2.545399511
0.04730101	2.530588309
0.04745719	2.558088012
0.04777216	2.554660813
0.04823212	2.580152061
0.04848416	2.594341008
0.04891154	2.599154681
0.04906489	2.608293739
0.04944542	2.599953582
0.0497705	2.616976981
0.05002352	2.625983934
0.05029439	2.641581833
0.0505598	2.65272714
0.05098003	2.655290006
0.05109235	2.67315657
0.05140667	2.671709558
0.0516311	2.680764223
0.0518586	2.692534888
0.05213492	2.699508013
0.05231935	2.707060301
0.05248542	2.708609631
0.05282664	2.73714321
0.05300706	2.731619716
0.05321533	2.746491455
0.0533594	2.746928034
0.0535601	2.753125356
0.05381628	2.757240173
0.05410101	2.785165492
0.05438921	2.797761809
0.0546972	2.803602876
0.05480791	2.804610551
0.05514281	2.804359925
0.05536887	2.826547737
0.05543455	2.831344725
0.05568987	2.83379686
0.05588741	2.84350005
0.05611374	2.831811641
0.05647949	2.858866698
0.05674578	2.870084882
0.05688786	2.874300018
0.05697128	2.875773575
0.0571408	2.887331121
0.05741666	2.884364082
0.05762942	2.893149643
0.05773666	2.90686078
0.05807769	2.904361898
0.05849346	2.92177437
0.05877427	2.928417717
0.05899479	2.944081737
0.05934359	2.963571613
0.05950231	2.960349535
0.06003454	2.976703036
0.06043757	2.987422726
0.06084276	2.996551027
0.06114097	3.006189613
0.06160792	3.012187607
0.06198638	3.053337635
0.06272972	3.047241528
0.06314313	3.061306575
0.06361138	3.060570969
0.06411711	3.081700773
0.06457883	3.083481493
0.06513439	3.093063679
0.0657378	3.121289267
0.06619007	3.116056941
0.0669243	3.11965775
0.06713084	3.135380446
0.06787262	3.162873805
0.06884334	3.159939585
0.06921219	3.181720672
0.07006621	3.174699353
0.07058775	3.201787298
0.07112075	3.217077344
0.07152592	3.229581754
0.0722035	3.229257491
0.07246949	3.236052523
0.07305464	3.242319069
0.07342395	3.261894579
0.07357059	3.273258726
0.0740831	3.2778548
0.07421972	3.297546073
0.07460599	3.306518069
0.07490061	3.31167862
0.07520511	3.32425832
0.07553857	3.349723919
0.07591352	3.348075993
0.07666123	3.364569803
0.07701192	3.360361355
0.07751553	3.371303885
0.07807279	3.384904292
0.07864616	3.396930409
0.07935476	3.420443194
0.07985506	3.425045748
0.08060855	3.42215007
0.08120371	3.442007991
0.08187743	3.454443107
0.08265294	3.461836401
0.08294356	3.471955968
0.08377719	3.483607353
0.08406813	3.506208231
0.08471442	3.519657573
0.08506232	3.521898659
0.08561529	3.532652478
0.08615932	3.540738217
0.08646457	3.553189536
0.08729093	3.558739437
0.08777326	3.574680697
0.0883104	3.584054178
0.0888522	3.595824635
0.0894244	3.59918785
0.08966524	3.628367885
0.09012662	3.624757216
0.09052485	3.636747756
0.09078991	3.635227314
0.09129259	3.671053867
0.09157985	3.669617611
0.09201888	3.680100741
0.09235444	3.686527591
0.09263481	3.70226773
0.09298881	3.719870844
0.09330578	3.729889885
0.09361209	3.737436933
0.09394523	3.751428137
0.09431385	3.748581205
0.0945409	3.769665848
0.09485583	3.768119275
0.09505229	3.788006636
0.09535693	3.800729059
0.09576857	3.797242083
0.09610869	3.828245103
0.09647023	3.834270882
0.09673254	3.836977643
0.09706339	3.838265385
0.09752644	3.881966833
0.09779448	3.879894256
0.09836864	3.89183474
0.09879183	3.909107938
0.09942737	3.913849768
0.10010085	3.919936635
0.10073625	3.9336879
0.1009878	3.944558241
0.10181309	3.969229146
0.10233179	3.968980037
0.1027161	3.989210345
0.10346185	3.988666621
0.10395154	4.001068367
0.1050092	4.022306144
0.10507621	4.025405494
0.10618411	4.047230777
0.10667352	4.051400269
0.10734859	4.065476072
0.10746487	4.063515053
0.10852098	4.086080906
0.10921133	4.096106635
0.10975112	4.123892886
0.11010731	4.141411056
0.11061041	4.161337097
0.11084668	4.196945636
0.11108794	4.187580567
0.11137335	4.204511645
0.11170061	4.225279817
0.11217778	4.246193124
0.11233158	4.240804493
0.11316153	4.253906888
0.11414478	4.285890004
0.11438082	4.271057979
0.115171	4.289644567
0.11611355	4.313008355
0.1169367	4.303621913
0.11781186	4.325458089
0.11838248	4.343248052
0.11906542	4.349509082
0.11970463	4.344776905
0.12064769	4.369651895
0.12124416	4.391036945
0.12176421	4.399572569
0.12250363	4.401528555
0.12295215	4.421526992
0.12364864	4.423354665
0.12429894	4.448591564
0.1244616	4.442472291
0.12501843	4.461794899
0.1254169	4.4764489
0.12572754	4.473495995
0.12619227	4.499172644
0.12651749	4.510596362
0.12683409	4.520125114
0.12719484	4.544145356
0.12752597	4.538890967
0.12776174	4.554302431
0.12803657	4.580138142
0.1284321	4.565830467
0.12880519	4.575391211
0.12901618	4.59585677
0.12934475	4.615007697
0.12969703	4.634347542
0.12995374	4.650253087
0.13024595	4.655238166
0.13066034	4.659626499
0.1311022	4.681500183
0.13155222	4.690036221
0.13203404	4.708286964
0.13287204	4.71532359
0.13333114	4.738069604
0.13388956	4.750930474
0.13440421	4.751453514
0.13503052	4.766048151
0.13563109	4.776468676
0.13612762	4.785677577
0.13716125	4.806903564
0.13805565	4.826641101
0.13923582	4.833721509
0.13995075	4.847410514
0.14064752	4.862267774
0.14119695	4.852778116
0.14202583	4.862096921
0.14276842	4.879197541
0.14306583	4.887237843
0.14346663	4.885062189
0.14363208	4.906235569
0.14393806	4.914913433
0.14445374	4.942450506
0.14469216	4.940348488
0.14507186	4.963240948
0.14567698	4.959146746
0.14707108	4.974052821
0.14744338	4.996016551
0.14793684	4.99251482
0.14840972	5.001780949
0.14889577	5.024389826
0.14929308	5.022248645
0.14991795	5.016764039
0.15102548	5.039026107
0.15154222	5.03965905
0.15204886	5.067967099
0.15264081	5.055637749
0.15290437	5.069339026
0.15330759	5.096349267
0.15382294	5.094294755
0.15430201	5.095896003
0.15470015	5.119060739
0.15537391	5.12894471
0.15607674	5.142420321
0.15650636	5.152118685
0.15706622	5.154147479
0.15754581	5.179121755
0.1579927	5.182851566
0.15842483	5.208705756
0.15869655	5.214946653
0.15917897	5.224871373
0.15950782	5.240236504
0.15970517	5.249600745
0.159978	5.246607368
0.16031551	5.259887373
0.16066657	5.268352671
0.16093121	5.284502292
0.16130071	5.308110983
0.16161126	5.321291704
0.16181261	5.313897789
0.16223418	5.334336803
0.16247837	5.341968106
0.16296075	5.353130856
0.16314319	5.364570984
0.16372755	5.367238651
0.1641846	5.378335763
0.16489897	5.410616458
0.1652478	5.41365734
0.16600925	5.422168075
0.16674154	5.441234403
0.1675558	5.455217195
0.16787818	5.469375874
0.16843297	5.47179981
0.16893155	5.487629995
0.16995354	5.498488546
0.17073417	5.508876597
0.17133934	5.519665304
0.1720641	5.539038865
0.17220664	5.539258947
0.17325498	5.551526382
0.17439473	5.573606703
0.1747966	5.585561045
0.17524606	5.590713667
0.17559428	5.59249749
0.1759045	5.611192257
0.17613156	5.636447634
0.17647568	5.637814942
0.17679857	5.648709277
0.17707261	5.653101403
0.17830187	5.663585842
0.17918578	5.674508791
0.17961866	5.683670533
0.18033392	5.690203011
0.18089611	5.702333722
0.18270399	5.727606405
0.18377194	5.738562587
0.18415825	5.743272424
0.18508595	5.763136688
0.1853544	5.777364315
0.18633001	5.783913202
0.18690952	5.788130752
0.18737476	5.809512009
0.18787116	5.826660618
0.18829947	5.831417202
0.18864336	5.852591478
0.18917017	5.85259989
0.189462	5.856147885
0.18961706	5.865579419
0.19007113	5.874776945
0.1904506	5.888637285
0.19069572	5.907769666
0.19120664	5.91544213
0.19145102	5.928746957
0.19185685	5.931649806
0.19200344	5.954532199
0.19231827	5.955855656
0.192726	5.979482067
0.19303404	5.989952166
0.1933424	5.986341497
0.1938441	6.001471446
0.19426073	6.013032784
0.19478609	6.017619343
0.19532993	6.030211248
0.19621683	6.055886655
0.19668031	6.062157407
0.19759235	6.077039833
0.19817974	6.093887621
0.19899702	6.10730897
0.19965611	6.101889588
0.20132351	6.122762492
0.20204049	6.141400033
0.20247565	6.155285126
0.2029895	6.162784669
0.20422937	6.165211569
0.20460167	6.193412336
0.20536317	6.190178743
0.20566152	6.210737727
0.20597621	6.219182409
0.20636546	6.22696388
0.20649337	6.23747652
0.20677226	6.244431925
0.20727126	6.268001523
0.20767722	6.272817817
0.20797888	6.277862259
0.20898531	6.297350274
0.2097516	6.305556327
0.21047655	6.315645625
0.21122477	6.323146409
0.21208666	6.338784298
0.21283321	6.33724662
0.21322777	6.353634388
0.21397194	6.379124601
0.21432649	6.384357134
0.21485586	6.394639142
0.21553721	6.393554245
0.21638323	6.404783599
0.21682621	6.421966268
0.21732442	6.428549216
0.21778408	6.441662574
0.21838422	6.45425241
0.2186638	6.462976952
0.21903689	6.479091203
0.21948174	6.483745124
0.2197969	6.502258489
0.22015261	6.525105099
0.2205108	6.522688265
0.22081045	6.540969758
0.22107118	6.550934054
0.22154853	6.565784557
0.22169139	6.568369693
0.22213941	6.569295527
0.22245205	6.584617772
0.22297387	6.601980119
0.22341574	6.590628796
0.2238644	6.631029704
0.22412131	6.634819224
0.22456117	6.647002543
0.22521868	6.653409191
0.22549156	6.678219784
0.22600193	6.682216768
0.22688859	6.693361523
0.22737479	6.700738959
0.22807091	6.711013866
0.22874495	6.702792644
0.22897499	6.724843869
0.22962151	6.739659416
0.23003409	6.743129155
0.23067456	6.745389822
0.23159089	6.76005975
0.23223555	6.758267447
0.23283485	6.773321622
0.23350573	6.799283233
0.23409233	6.793263728
0.2353538	6.815698718
0.23610435	6.842996817
0.2362712	6.837510969
0.23667092	6.86327008
0.23702785	6.873717908
0.23726031	6.876961636
0.23756397	6.888098806
0.23799568	6.89605968
0.23832127	6.901947839
0.23933837	6.913645557
0.23996203	6.925876932
0.24071994	6.93760085
0.24146724	6.941312321
0.24224387	6.969927809
0.24386399	6.985581074
0.24413198	6.972979448
0.2450865	6.969823698
0.24547644	6.993856902
0.24622071	7.006359243
0.24709913	7.007938152
0.24763105	7.020001294
0.24813057	7.030462085
0.24869132	7.035404967
0.24895139	7.053423148
0.24944644	7.067290659
0.24983717	7.068112519
0.25026884	7.085581874
0.25054656	7.097280281
0.25089711	7.108691175
0.2511766	7.110690667
0.25148445	7.123144055
0.25179528	7.143749165
0.25218904	7.1699694
0.25238704	7.162519568
0.2528148	7.168196746
0.25304809	7.176088535
0.25339734	7.201478636
0.25359655	7.211423006
0.25393774	7.216093543
0.25439097	7.227709902
0.25484005	7.229243306
0.25522701	7.227108676
0.25553128	7.266513147
0.25610306	7.268927017
0.25664956	7.287321653
0.25737753	7.27604314
0.25789828	7.289428015
0.25879389	7.311194209
0.25949303	7.332570847
0.26068908	7.328971761
0.26119465	7.336302313
0.26242395	7.365789993
0.26321851	7.358491848
0.2634118	7.386097248
0.26437502	7.385844898
0.26486406	7.394780559
0.26547194	7.401601585
0.26617466	7.412227161
0.26657006	7.439349236
0.26691465	7.440313818
0.26720974	7.436961566
0.26748569	7.476850053
0.26796322	7.473514349
0.26841459	7.47746369
0.26909874	7.496725693
0.26998643	7.503568782
0.27044445	7.507271289
0.27079328	7.51449635
0.27188554	7.530426786
0.27275939	7.536854118
0.27320992	7.541746668
0.27390683	7.556650468
0.27454297	7.562804766
0.27493035	7.575863518
0.27556687	7.58657321
0.27615327	7.595485429
0.2766601	7.601718328
0.27742779	7.637826396
0.27808814	7.62912309
0.27833443	7.635737961
0.27899036	7.644004137
0.27958143	7.664996045
0.27999032	7.672720289
0.28035205	7.695288348
0.28070688	7.698622674
0.28098549	7.707077077
0.28135867	7.732911893
0.28168775	7.741303554
0.28193171	7.752673769
0.28245609	7.757309832
0.28263542	7.779705522
0.2830005	7.785969448
0.28312669	7.786518274
0.28356516	7.797478248
0.28381093	7.805255582
0.28416079	7.805687886
0.28438845	7.81536129
0.28472973	7.835561675
0.28498361	7.828702728
0.28537937	7.851101865
0.28588983	7.85366811
0.28617663	7.861737094
0.28711285	7.870502453
0.28748486	7.899817075
0.28817879	7.893540738
0.28887174	7.909894514
0.28954621	7.93432417
0.29004591	7.93926981
0.29064093	7.950830321
0.29118203	7.958282221
0.29207358	7.968711295
0.29244024	7.975797771
0.29285398	7.980189069
0.29367448	7.998141059
0.29437786	8.011718989
0.29517111	8.01254016
0.29549689	8.024146177
0.29652973	8.02951171
0.29682919	8.050906274
0.29730696	8.055700229
0.29781747	8.071019095
0.29829752	8.070906021
0.2985568	8.081506086
0.29886246	8.098244592
0.29942204	8.104616766
0.29986517	8.12229986
0.30065223	8.123635383
0.30141279	8.124371058
0.30220134	8.142585741
0.30281997	8.151868899
0.30367758	8.165104847
0.30447247	8.180360971
0.30535182	8.181251089
0.30657642	8.198723202
0.30701358	8.207456156
0.30749158	8.206229571
0.30811906	8.219701321
0.30883157	8.224393232
0.30943115	8.236412937
0.30991819	8.24286578
0.31066297	8.25145808
0.31072066	8.267670513
0.31119959	8.283776765
0.31154865	8.296155689
0.3119474	8.300791063
0.31233255	8.301654982
0.31258615	8.313213425
0.31290936	8.32730019
0.31321246	8.342597683
0.31361116	8.3363965
0.3137076	8.355875
0.31413112	8.363667503
0.31437578	8.384034742
0.31479073	8.388055789
0.31503739	8.398195282
0.31530393	8.410055027
0.31571195	8.414896556
0.31597365	8.421792735
0.31642008	8.437784534
0.31681705	8.438664311
0.31745557	8.445760439
0.31798791	8.46041051
0.31859555	8.468302298
0.31927016	8.491440557
0.31969084	8.489692036
0.32038514	8.492044542
0.32107897	8.493261474
0.32139562	8.510803224
0.32215307	8.509646277
0.32317822	8.525249209
0.3246051	8.545553016
0.32501847	8.549648527
0.32579319	8.569800649
0.32641713	8.570132289
0.32676339	8.591134539
0.32741522	8.593376728
0.32845253	8.614437584
0.32901719	8.602255162
0.32919666	8.628691204
0.32968216	8.625417553
0.32987112	8.637265577
0.3302104	8.656666855
0.33057655	8.661919314
0.330881	8.675813025
0.33169153	8.685304407
0.33230709	8.681142016
0.33292051	8.699822787
0.33379758	8.721200114
0.33414715	8.711010979
0.33502958	8.718586296
0.33536783	8.740648966
0.3361338	8.743850222
0.33692761	8.743576498
0.33752194	8.749822498
0.33806006	8.75760259
0.33835715	8.760605965
0.33878239	8.776054454
0.3396365	8.791861472
0.3402773	8.795190971
0.34085542	8.816721363
0.34129626	8.819482041
0.34194656	8.837367842
0.34230633	8.856496775
0.34280486	8.833004123
0.34326494	8.864652634
0.34366732	8.866472861
0.34402899	8.879015192
0.34438485	8.879781893
0.34460711	8.886158204
0.34511995	8.896266671
0.34535166	8.908005757
0.34559972	8.914450327
0.34596093	8.935367771
0.34631772	8.935034752
0.3465065	8.965961378
0.34681588	8.965588369
0.34715759	8.961886551
0.34741798	8.984831066
0.34776169	8.984247766
0.34815457	8.986764368
0.34852165	9.00833406
0.34880407	9.009446881
0.34916761	9.030629086
0.34963402	9.022020238
0.35007505	9.046227881
0.35023961	9.037431495
0.35082653	9.05842823
0.35131138	9.056042629
0.3519457	9.065741544
0.35221867	9.08233457
0.35327754	9.090923422
0.35355219	9.091113029
0.3540998	9.103414042
0.35460258	9.112938519
0.35495392	9.114186477
0.35572566	9.12505544
0.35613898	9.136637325
0.35722742	9.147343571
0.35784517	9.163885575
0.35860978	9.167086141
0.35902981	9.177647596
0.35966935	9.197793512
0.36048048	9.202734325
0.36140226	9.212185717
0.36172277	9.221512313
0.36200184	9.209310586
0.36236506	9.238483174
0.36257577	9.230643097
0.36301531	9.252286564
0.36324651	9.257721734
0.36367292	9.269945525
0.36390291	9.274929087
0.36431856	9.299404248
0.36499498	9.292776966
0.36578883	9.30714435
0.36636667	9.313473777
0.36725208	9.333987186
0.36808599	9.346377831
0.36881731	9.34689563
0.36981154	9.367151174
0.37056889	9.373814998
0.37177631	9.372256084
0.37248239	9.372576692
0.3728558	9.388972526
0.37351187	9.384806688
0.3741509	9.395786657
0.37474732	9.412465868
0.37534551	9.433377796
0.37592451	9.422034471
0.37632926	9.440300175
0.37681821	9.437296111
0.37711525	9.452597741
0.37744368	9.458732734
0.37785873	9.463037847
0.37821598	9.467200237
0.37859401	9.481841345
0.37899941	9.487668141
0.37915103	9.484785425
0.3795461	9.498582609
0.37982857	9.514377906
0.38018913	9.519403526
0.38049069	9.526608592
0.38076296	9.541851616
0.38099552	9.534004644
0.38127105	9.561285299
0.3815477	9.56665428
0.38199771	9.591577603
0.38233546	9.598920565
0.38269122	9.606416592
0.38309532	9.620237218
0.38341109	9.627760135
0.38380452	9.614977865
0.38416192	9.61945259
0.38454358	9.624472694
0.38507988	9.640299707
0.38558889	9.656568677
0.38583783	9.664012993
0.38699538	9.674373119
0.38729088	9.683303264
0.38820027	9.692987011
0.38870454	9.696872231
0.38921071	9.697726496
0.39025738	9.706480135
0.39058115	9.731315204
0.3920037	9.725772474
0.39259332	9.729812827
0.39334625	9.757586461
0.39375799	9.748824549
0.39483041	9.766021559
0.39540987	9.765678198
0.39629174	9.770507316
0.3965731	9.78522013
0.39682418	9.791356502
0.39714875	9.800782383
0.3972708	9.802949418
0.39779904	9.82153711
0.39806689	9.819348011
0.39874457	9.846230836
0.39893237	9.855620174
0.39978877	9.855742212
0.40059371	9.869817257
0.40144918	9.876609325
0.40181914	9.874509858
0.40201277	9.877182282
0.40251531	9.882518858
0.40354218	9.910888891
0.40404156	9.904105787
0.40451416	9.902107674
0.40512022	9.908177166
0.40557899	9.918226337
0.40608544	9.921959182
0.40650304	9.933737569
0.40700442	9.939617454
0.40726333	9.960504561
0.40768345	9.943120013
0.40807032	9.953407744
0.40867284	9.971424546
0.40924691	9.975009152
0.4097969	9.978690286
0.4104146	10.01333459
0.41076748	10.01180187
0.41117023	10.01130269
0.41155403	10.04779687
0.4118832	10.04331663
0.41243184	10.05714828
0.41271478	10.06107349
0.41279939	10.07671573
0.41316144	10.07191763
0.4136082	10.07950467
0.41392392	10.08412212
0.41428122	10.09024953
0.4145669	10.11210811
0.41480937	10.12757039
0.41512346	10.14306921
0.41557534	10.14749085
0.4158444	10.14896565
0.41619751	10.15761104
0.41656389	10.18065553
0.41679546	10.17957097
0.41722443	10.20427022
0.41762164	10.18198277
0.41801475	10.21565008
0.41836698	10.1941521
0.41895534	10.22658868
0.41924652	10.2238087
0.41966394	10.23655098
0.42013109	10.24539839
0.42069882	10.24598651
0.42120285	10.26092823
0.4217799	10.26157359
0.42227504	10.25872672
0.42289376	10.2791374
0.42341107	10.27579273
0.42422146	10.2812741
0.42476339	10.29701079
0.42523827	10.30623259
0.42555213	10.31636243
0.42617314	10.32600274
0.42698143	10.32473409
0.42750539	10.32497817
0.42823439	10.33488117
0.42890932	10.34970775
0.42984478	10.35869029
0.43034551	10.36084906
0.43094165	10.3659912
0.43168545	10.38122457
0.43226156	10.37361685
0.43296681	10.40089061
0.43323587	10.40004599
0.43361636	10.40229921
0.43395601	10.4013629
0.43423988	10.42495001
0.434523	10.42016157
0.43481194	10.41955138
0.43517274	10.43926155
0.43565959	10.45762998
0.43624162	10.46265009
0.43710197	10.45869799
0.43788368	10.48214996
0.43878306	10.48393571
0.43920336	10.49768463
0.44017185	10.50246963
0.44128962	10.50665615
0.44199309	10.49821416
0.44312749	10.53097687
0.44366449	10.52809898
0.44452117	10.52226942
0.4452171	10.54208853
0.44570781	10.54538769
0.44621985	10.56040525
0.4471976	10.57713548
0.44773577	10.57987272
0.44822658	10.58480664
0.44872008	10.58578018
0.44899054	10.58237415
0.44946817	10.58867393
0.44989178	10.59011081
0.45043553	10.61186114
0.45078222	10.62796809
0.45109086	10.61465423
0.45125924	10.61788858
0.45170255	10.63444851
0.45196272	10.64747692
0.45234805	10.65118219
0.45279127	10.65116633
0.45304203	10.64661094
0.45337399	10.66090179
0.45355905	10.65230604
0.45376422	10.65230259
0.4540994	10.65593477
0.45430644	10.65071265
0.45453694	10.66425059
0.45503091	10.6758311
0.45533177	10.66774695
0.45566309	10.68648356
0.45599236	10.70700387
0.45624624	10.69738769
0.45670832	10.69944165
0.45698715	10.71932694
0.45740406	10.71206603
0.45776821	10.71315748
0.4580463	10.72270264
0.45846707	10.73145076
0.45894596	10.734994
0.45922345	10.72882798
0.45968976	10.72542264
0.46018229	10.74362491
0.46077317	10.73993205
0.46072083	10.74855745
0.46153806	10.75513922
0.46205075	10.75151463
0.46257434	10.75684914
0.46298757	10.7681635
0.46379279	10.79022755
0.46489641	10.80342971
0.46567304	10.79921285
0.4664153	10.81090781
0.46710327	10.83462662
0.46798645	10.83838428
0.468497	10.83354137
0.46931209	10.84010453
0.46975978	10.85851572
0.47037864	10.87482468
0.47103988	10.87489087
0.4715441	10.87718822
0.47192873	10.89382951
0.47223263	10.90361598
0.47258308	10.90582853
0.47305284	10.9137672
0.47345825	10.92019177
0.47380498	10.92545182
0.47449704	10.92963075
0.47502538	10.93736741
0.47597412	10.93256242
0.47648737	10.95919842
0.47703303	10.97125053
0.47752915	10.96491076
0.47864432	10.97382849
0.47915841	10.97598381
0.47994835	10.98454784
0.48054133	10.98992578
0.48110859	10.99639862
0.481697	11.00317414
0.48239121	11.01172921
0.48286749	11.01901425
0.48377562	11.04047708
0.48431002	11.05371785
0.48490308	11.05556635
0.4855741	11.05160115
0.48601192	11.046872
0.48636349	11.07524135
0.48709206	11.05400467
0.4875418	11.06982686
0.48796807	11.07711811
0.48811559	11.07864048
0.48855806	11.08574833
0.48899857	11.09637873
0.48941674	11.09390557
0.48959881	11.10065558
0.49003579	11.11447965
0.49049037	11.12148063
0.49073558	11.11922603
0.49118653	11.12313539
0.49161447	11.1406399
0.49201354	11.14077159
0.49240824	11.15095521
0.49276829	11.15766179
0.49313327	11.15527481
0.49348457	11.16391537
0.49371572	11.16277635
0.49426753	11.15056428
0.49452383	11.1702448
0.49511494	11.1807835
0.49576994	11.18601113
0.49608389	11.19599205
0.49667565	11.19433247
0.49710983	11.21042907
0.49748683	11.21278157
0.49831925	11.21357172
0.4988623	11.2142412
0.49958715	11.21753347
0.50001947	11.22030449
0.5004707	11.22893333
0.50134204	11.24797125
0.50188063	11.24091994
0.50267179	11.24025046
0.503473	11.26001371
0.50401447	11.25098221
0.50446309	11.25412417
0.50530911	11.26133269
0.50622264	11.26652585
0.50660029	11.27593518
0.50720872	11.2969264
0.50836217	11.28731298
0.50928948	11.312761
0.50973736	11.30850277
0.51011296	11.30899506
0.51072856	11.30936738
0.51097853	11.31975026
0.51152391	11.32001226
0.51189235	11.34445571
0.51233817	11.33711412
0.51279107	11.35973872
0.51320169	11.35660986
0.51353017	11.37516239
0.51475123	11.35656229
0.51531244	11.37461012
0.51583305	11.37791617
0.51665317	11.38225024
0.51718794	11.38255224
0.51795684	11.38957735
0.51887354	11.38428697
0.5199956	11.39899151
0.52084785	11.4066337
0.52148189	11.40076278
0.52226914	11.40524095
0.52268703	11.40116061
0.52333662	11.40296084
0.52407023	11.4063062
0.52487005	11.41683663
0.52534102	11.42622114
0.52598223	11.44487709
0.52638661	11.44551555
0.52700277	11.44670352
0.52741945	11.44110563
0.52790644	11.44295137
0.52832851	11.44769775
0.52882761	11.45933411
0.52916167	11.45018333
0.52952563	11.47201709
0.53003078	11.46698251
0.5303777	11.48650307
0.53080378	11.49301245
0.53124048	11.49539322
0.53170372	11.48845223
0.53205809	11.49355231
0.53236095	11.48754901
0.53279476	11.50623116
0.5332933	11.5034429
0.53364599	11.51803712
0.53397745	11.51839014
0.53441023	11.52231397
0.53487254	11.5272272
0.53515604	11.52467061
0.53583255	11.53533066
0.53623255	11.53278096
0.5365397	11.52549661
0.5372097	11.53678546
0.53759806	11.56295261
0.53838735	11.5624679
0.53874433	11.56407922
0.53918568	11.55050956
0.53995766	11.55697758
0.5403043	11.55326197
0.54134877	11.56999565
0.54185495	11.5754584
0.54256853	11.57771506
0.5437162	11.57332652
0.54471774	11.58851991
0.54529227	11.57821839
0.54605484	11.59299601
0.54665713	11.58238767
0.54752549	11.59298222
0.54847442	11.60076093
0.54901673	11.60396081
0.54987224	11.62880553
0.55033753	11.6040925
0.55066796	11.61701198
0.55125656	11.63306583
0.55167928	11.62654749
0.5519734	11.62124883
0.55229852	11.63073746
0.552669	11.62342069
0.55324065	11.63225707
0.55409355	11.62368614
0.55443423	11.64875564
0.55564215	11.66222118
0.55585692	11.66069191
0.55665301	11.68623163
0.55700338	11.6582153
0.55790182	11.65975353
0.55848213	11.66922147
0.55952968	11.6621612
0.56027837	11.67921893
0.5609194	11.67968433
0.56166688	11.68927224
0.56203159	11.68233952
0.56273809	11.69101731
0.56324212	11.69457848
0.5641632	11.69872294
0.56441614	11.71608129
0.56532605	11.70767791
0.56596372	11.71743336
0.56664173	11.71894125
0.56713328	11.71661771
0.56789026	11.73705527
0.56854442	11.73007153
0.56924375	11.74314752
0.56965325	11.74816762
0.57004282	11.73197863
0.57055282	11.74721131
0.57097098	11.73445869
0.57122523	11.72762663
0.5716908	11.75372483
0.57208279	11.74439479
0.57243083	11.75042774
0.57281984	11.75259477
0.57332564	11.76193033
0.57369323	11.76579073
0.57407377	11.76773162
0.57453422	11.76127533
0.5749074	11.75653032
0.57532286	11.77442578
0.575816	11.76078717
0.57630904	11.78456182
0.57670951	11.78173082
0.57732474	11.78623588
0.57792628	11.79257151
0.57856629	11.79941529
0.57898287	11.80058672
0.57953784	11.78646892
0.58039168	11.8048215
0.58102218	11.80879773
0.58160445	11.81595247
0.58244953	11.81906409
0.5830398	11.83040397
0.58370961	11.82514737
0.58432112	11.82341954
0.58470752	11.81816432
0.58529863	11.8230224
0.58626153	11.83083145
0.58744961	11.83926241
0.58790801	11.82652702
0.58896599	11.8419307
0.58942821	11.84824909
0.59003031	11.8571096
0.5907722	11.84572077
0.59137905	11.8512373
0.59222097	11.83942513
0.59297031	11.84118537
0.5935928	11.84814291
0.59412058	11.85802109
0.59452161	11.86889902
0.59497787	11.87495196
0.59545117	11.88162337
0.59582481	11.88206533
0.59648763	11.88108695
0.59694966	11.87226988
0.5977696	11.88240248
0.5986646	11.87745477
0.59947653	11.88858091
0.60005907	11.87550975
0.60091021	11.88132414
0.60170658	11.88096698
0.60314743	11.89257024
0.60410446	11.90111911
0.60467862	11.90277524
0.6058952	11.90511809
0.60649395	11.91152956
0.60715901	11.906435
0.60790313	11.89773583
0.60859082	11.89852597
0.60913853	11.91264239
0.60993388	11.90229467
0.61051158	11.90861858
0.61116127	11.91403238
0.61158232	11.91184535
0.61218703	11.90680111
0.61276222	11.92092649
0.6131448	11.92380162
0.61357535	11.92710699
0.61405806	11.92515921
0.61458631	11.94483972
0.61504489	11.93071641
0.61546762	11.92719455
0.61597444	11.94814026
0.61645594	11.94163571
0.61700141	11.93948315
0.61737273	11.93533869
0.61775913	11.94688886
0.61823001	11.94150264
0.61876943	11.94237276
0.61911495	11.94839951
0.61953768	11.94512724
0.62003929	11.9440744
0.62077625	11.94816302
0.62114822	11.93839515
0.621699	11.95242331
0.62214222	11.94273267
0.6229263	11.95326862
0.623405	11.94868702
0.62418265	11.95029351
0.62488366	11.95644367
0.62599957	11.96208913
0.62659105	11.95294387
0.62753094	11.96289514
0.62879652	11.97121371
0.6295168	11.97606627
0.63042857	11.97028016
0.63141484	11.97247822
0.63222611	11.97227068
0.63311441	11.96544552
0.63400997	11.96740778
0.63499736	11.96871573
0.63520346	11.96934936
0.63657343	11.97294224
0.63674573	11.97810093
0.63767687	11.97381788
0.63803962	11.97717151
0.63849811	11.98142491
0.63910076	11.97863114
0.63948438	11.97021672
0.6400997	11.97064696
0.64054934	11.96808347
0.64111428	11.97885453
0.64178549	11.98730273
0.64219695	11.97637585
0.64326108	11.97596009
0.64397065	11.97823193
0.64444702	11.96652456
0.64535702	11.96435476
0.64657938	11.97424536
0.64709971	11.97731354
0.64768523	11.97553813
0.64891383	11.9857052
0.64959044	11.97559743
0.65014588	11.98273906
0.65093201	11.98226883
0.65142905	11.98106776
0.65201476	11.98465857
0.65300131	11.99554891
0.65386372	12.00224514
0.65471215	11.99273445
0.65498158	11.98656154
0.65592967	11.99048813
0.6564365	11.99176504
0.6571755	11.98605822
0.65793732	11.99196085
0.65862464	11.99303024
0.65937743	11.99982437
0.65976514	12.00092065
0.66054465	12.00712941
0.661123	11.98802117
0.66179784	11.9977387
0.66224068	11.99416305
0.66262839	11.98720551
0.66332065	11.99754357
0.66382319	11.97770792
0.66420903	11.99358182
0.66479158	11.99151821
0.66532876	11.99254346
0.6659101	11.99596053
0.66636402	11.99090733
0.66700943	11.98879959
0.6674058	11.98937393
0.66799868	11.9876123
0.66844339	11.97874559
0.66888316	11.97194732
0.66933047	11.97507687
0.6698156	11.96842339
0.67030994	11.97393716
0.67104308	11.97701017
0.67158129	11.97386131
0.67225901	11.97188251
0.67266973	11.97813264
0.67330973	11.9671906
0.67391919	11.97201696
0.67457614	11.98204889
0.6755477	11.97718943
0.67634054	11.9816814
0.67731796	11.97842981
0.67800732	11.96803866
0.67874456	11.97920065
0.67929117	11.98232468
0.67998727	11.97349244
0.68077387	11.97222932
0.68142787	11.96130037
0.68224547	11.96887086
0.68301867	11.96855646
0.68382777	11.96663074
0.68490137	11.97331318
0.68571907	11.95873343
0.68657767	11.96237458
0.68745527	11.96805658
0.68819747	11.9691825
0.68862097	11.95325758
0.68963467	11.9676098
0.69071127	11.96282757
0.69156197	11.96122866
0.69200787	11.96780561
0.69278847	11.95368506
0.69340297	11.94403717
0.69387017	11.93857855
0.69451647	11.93735955
0.69507627	11.96017927
0.69558857	11.93516425
0.69623087	11.95098506
0.69677057	11.94444051
0.69732587	11.91594086
0.69791787	11.94234312
0.69851437	11.91760319
0.69899737	11.92692427
0.69951157	11.89413605
0.70038367	11.90324546
0.70124927	11.89478416
0.70166717	11.9034006
0.70249367	11.90604475
0.70343827	11.89218482
0.70427447	11.89660025
0.70493197	11.8925144
0.70608537	11.87700868
0.70678467	11.89318595
0.70788887	11.87786915
0.70840477	11.87793396
0.70905977	11.86267784
0.70995397	11.86694572
0.71080127	11.86816196
0.71185827	11.84642197
0.71295597	11.8403966
0.71336607	11.82640912
0.71465987	11.82349745
0.71523727	11.82845205
0.71617447	11.81897722
0.71633957	11.79222332
0.71763187	11.81457902
0.71836237	11.80070944
0.71891757	11.79346094
0.71985727	11.78319389
0.72059037	11.76792122
0.72118037	11.74635153
0.72189017	11.73988835
0.72284807	11.72626974
0.72327577	11.72171641
0.72399967	11.71017383
0.72455077	11.69114625
0.72538267	11.68898886
0.72600807	11.66137105
0.72713227	11.6569308
0.72755817	11.63726959
0.72813947	11.62136535
0.72913027	11.60793635
0.72990187	11.58994506
0.73060447	11.5807212
0.73126147	11.55744573
0.73205817	11.5406562
0.73264247	11.5230855
0.73325757	11.50953377
0.73426387	11.48058112
0.73492217	11.46344892
0.73555367	11.43687499
0.73675757	11.41513706
0.73702817	11.38970904
0.73782877	11.35299836
0.73888237	11.32838255
0.73961647	11.30166658
0.73999987	11.26363072
0.74094307	11.25253837
0.74097027	11.23060808
0.74177897	11.18733149
0.74234127	11.14751885
0.74278877	11.13514337
0.74373127	11.10088793
0.74411247	11.0751524
0.74450737	11.05168664
0.74564447	11.02860009
0.74640737	11.01226424
0.74682177	10.9680541
0.74719327	10.95386942
0.74825377	10.93226319
0.74873137	10.90650353
0.74930337	10.89578901
0.75040197	10.87748262
0.75119857	10.87337815
0.75192927	10.84530252
0.75259067	10.84202405
0.75314657	10.7962736
0.75380837	10.77889043
0.75463987	10.760502
0.75530747	10.7554688
0.75616307	10.7424652
0.75671087	10.7308454
0.75737267	10.71740123
0.75828287	10.71702615
0.75856947	10.69527374
0.75967877	10.68356224
0.76029537	10.67947776
0.76096787	10.66919692
0.76196787	10.66367626
0.76228517	10.64362549
0.76302567	10.62583139
0.76388507	10.62716277
0.76483827	10.60705478
0.76549577	10.59575972
0.76660247	10.60291997
0.76706127	10.57823589
0.76750067	10.57845101
0.76842617	10.55441781
0.76915317	10.5580886
0.76962037	10.56079619
0.77059117	10.54268217
0.77168767	10.53724424
0.77273917	10.53813436
0.77323557	10.52059123
0.77398207	10.50250548
0.77395407	10.4891861
0.77505357	10.48430114
0.77610317	10.47548889
0.77681907	10.46269559
0.77734267	10.46077953
0.77858347	10.4545811
0.77917167	10.46370844
0.78015917	10.44854402
0.78095017	10.42735423
0.78171267	10.42737077
0.78226997	10.41035372
0.78302997	10.42824848
0.78395247	10.44123691
0.78462937	10.42004505
0.78497217	10.394193
0.78580437	10.4095553
0.78636087	10.39416611
0.78722687	10.38637843
0.78806387	10.39557127
0.78852767	10.36818857
0.78922347	10.3764906
0.79024407	10.35985758
0.79081097	10.3619867
0.79137977	10.35764435
0.79242447	10.34191387
0.79338967	10.35233536
0.79404007	10.34561017
0.79493027	10.32958596
0.79554247	10.32247329
0.79619307	10.31632657
0.79702927	10.29968322
0.79759757	10.30006243
0.79805327	10.29199758
0.79889227	10.29369095
0.79972117	10.29962944
0.80044747	10.2799827
0.80107797	10.2726425
0.80155507	10.27689039
0.80231427	10.26143431
0.80303827	10.25850609
0.80359577	10.24114223
0.80455067	10.25853436
0.80508347	10.25121484
0.80591197	10.25030748
0.80652177	10.24298176
0.80724957	10.23366551
0.80786197	10.22194435
0.80849997	10.21934501
0.80916127	10.23039875
0.80985097	10.22066881
0.81057707	10.20710191
0.81121137	10.19540557
0.81180577	10.19178304
0.81242757	10.20866358
0.81317567	10.19065161
0.81367727	10.18868521
0.81422337	10.1871918
0.81495967	10.17154336
0.81558337	10.17296713
0.81616077	10.17103935
0.81689807	10.16087228
0.81750987	10.15212484
0.81809877	10.15739109
0.81874857	10.16519669
0.81944297	10.1601104
0.82024207	10.170787
0.82083797	10.13671083
0.82136327	10.13844556
0.82217717	10.13055791
0.82271267	10.12733735
0.82335507	10.12506413
0.82404077	10.12978707
0.82460957	10.12128302
0.82591797	10.11875953
0.82646177	10.11991372
0.82721207	10.11840789
0.82760917	10.11008863
0.82833287	10.10479894
0.82896837	10.10560632
0.82950757	10.0967989
0.83025827	10.07548156
0.83064257	10.06699888
0.83131717	10.0724182
0.83177867	10.05610303
0.83217247	10.05171035
0.83264387	10.03864057
0.83315067	10.02748892
0.83371087	10.02582452
0.83418657	10.00386389
0.83459017	10.00134177
0.83501077	9.994004326
0.83563587	9.988922169
0.83595267	9.994176007
0.83649527	9.979673484
0.83704587	9.984099946
0.83745987	9.984859064
0.83806447	10.00235255
0.83865297	10.00564344
0.83918567	10.00178028
0.83985417	10.00355018
0.84045517	9.999455355
0.84090527	9.999453287
0.84125717	9.98622975
0.84186037	9.980646341
0.84248117	9.985618181
0.84303107	9.970402047
0.84392817	9.979937555
0.84462397	10.00311443
0.84507787	9.975468346
0.84580237	9.988766347
0.84625387	9.969767725
0.84695507	9.957182647
0.84780927	9.964057452
0.84871937	9.978532395
0.84930307	9.97843311
0.85012897	9.977759488
0.85074757	9.962886715
0.85152577	9.977454048
0.85254527	9.954015865
0.85308907	9.947845709
0.85393537	9.952205291
0.85480577	9.95122554
0.85555517	9.957639772
0.85608007	9.940997793
0.85708287	9.948395224
0.85757877	9.926238784
0.85826847	9.932719207
0.85909297	9.925694785
0.85998107	9.944956787
0.86112377	9.933789969
0.86210937	9.925362455
0.86273297	9.915873832
0.86359837	9.915984148
0.86457157	9.906818201
0.86583547	9.913673701
0.86641687	9.904906273
0.86699737	9.904319526
0.86778737	9.905186202
0.86905067	9.900109561
0.86977537	9.898563057
0.87048687	9.88939711
0.87110497	9.891568283
0.87236457	9.891737895
0.87235077	9.890091416
0.87352007	9.893325767
0.87437487	9.884417686
0.87561807	9.876106004
0.87582787	9.874751865
0.87668167	9.875871581
0.87731697	9.857076356
0.87795877	9.859586063
0.87863157	9.872538635
0.87948147	9.868764421
0.87996617	9.861291837
0.88070817	9.875238638
0.88137477	9.866714597
0.88187737	9.85131644
0.88260197	9.864095952
0.88311867	9.861071203
0.88400527	9.861744136
0.88479377	9.858544949
0.88557977	9.862765945
0.88634917	9.873798315
0.88694407	9.860323807
0.88778857	9.851772187
0.88862597	9.848400629
0.88920897	9.846923763
0.89019297	9.854820378
0.89091367	9.835152271
0.89180717	9.830012198
0.89225927	9.835557685
0.89315827	9.828712528
0.89368607	9.837308275
0.89440497	9.822007335
0.89515557	9.82136474
0.89643527	9.819576918
0.89646187	9.806647789
0.89737867	9.81925562
0.89858997	9.815048413
0.89929007	9.829954971
0.90047497	9.824752155
0.90115317	9.825193422
0.90172837	9.809897308
0.90256657	9.823603481
0.90324787	9.836084448
0.90366067	9.823282873
0.90457047	9.828320214
0.90516607	9.837255875
0.90593267	9.814496829
0.90687337	9.816212256
0.90789637	9.830948512
0.90862517	9.816994815
0.90972637	9.827528001
0.91010367	9.815038071
0.91114647	9.821150311
0.91200827	9.794759775
0.91276527	9.807604787
0.91331117	9.802473677
0.91397787	9.799192442
0.91463627	9.803600977
0.91551917	9.791770879
0.91611717	9.79428817
0.91679267	9.797260519
0.91742367	9.790832497
0.91825577	9.77274261
0.91866957	9.780422038
0.91943887	9.784824368
0.92000737	9.784927101
0.92075047	9.78564347
0.92147957	9.782493926
0.92205457	9.780015934
0.92270317	9.780891574
0.92330707	9.78125493
0.92387307	9.774607653
0.92491747	9.759630079
0.92563777	9.774443557
0.92625917	9.769940563
0.92682337	9.7745456
0.92751027	9.765691298
0.92803377	9.767255728
0.92868577	9.779354723
0.92926797	9.76673586
0.92993687	9.764108941
0.93044427	9.774169144
0.93112687	9.760605004
0.93180607	9.770503868
0.93252377	9.776899485
0.93308007	9.763149875
0.93355497	9.735664444
0.93431777	9.763737312
0.93475787	9.761953627
0.93540827	9.734186199
0.93610937	9.749465076
0.93690217	9.761877784
0.93732427	9.754613423
0.93780467	9.741655336
0.93856747	9.74420917
0.93915277	9.734818452
0.93985777	9.748680447
0.94044187	9.744411187
0.94116337	9.743095659
0.94193227	9.748004757
0.94243717	9.74249857
0.94310777	9.741886312
0.94368587	9.741378854
0.94444607	9.724894077
0.94503517	9.727273472
0.94564337	9.729321917
0.94625487	9.737397107
0.94679667	9.716766487
0.94740967	9.70331749
0.94798617	9.717087095
0.94879047	9.716789929
0.94913337	9.696204125
0.94986877	9.700866388
0.95021987	9.695166457
0.95084317	9.705963025
0.95169877	9.698385639
0.95227477	9.692423016
0.95332717	9.682995756
0.95413987	9.689074212
0.95461967	9.700145882
0.95545307	9.711493344
0.95617447	9.700833983
0.95714987	9.704499948
0.95785357	9.692658818
0.95843437	9.712176618
0.95919427	9.69666056
0.95964127	9.695630477
0.96044217	9.708128681
0.96128817	9.699501218
0.96228027	9.697914725
0.96307447	9.707324058
0.96383277	9.700696087
0.96505207	9.714886964
0.96513717	9.698713142
0.96620607	9.709664153
0.96719537	9.702217769
0.96784387	9.71738564
0.96839377	9.695358133
0.96925257	9.693615127
0.97027027	9.706771785
0.97081547	9.708747145
0.97182767	9.696589544
0.97268657	9.709595205
0.97340347	9.701507605
0.97448107	9.693032517
0.97561587	9.712595133
0.97607117	9.697951956
0.97680527	9.687029904
0.97740467	9.692764309
0.97807197	9.701800634
0.97847907	9.679642815
0.97907767	9.691589435
0.97967887	9.688017239
0.98015207	9.698220164
0.98088627	9.697123201
0.98157357	9.692340968
0.98220147	9.693244876
0.98279327	9.688874952
0.98342057	9.689375515
0.98413057	9.693891609
0.98484547	9.676657367
0.98619097	9.686893387
0.98661327	9.685198645
0.98732897	9.687562872
0.98865297	9.696086224
0.98936197	9.696470953
0.99011767	9.690835833
0.99136817	9.699340569
0.99192447	9.671677253
0.99325977	9.684863558
0.99417717	9.680254384
0.99475977	9.679860691
0.99647427	9.698568352
0.99745977	9.693284177
0.99840127	9.702592846
0.99918767	9.692697429
0.99975097	9.694302539
1.00038867	9.69476518
1.00116717	9.675620389
1.00215257	9.678093553
1.00281997	9.666056612
1.00387857	9.676450523
1.00450537	9.679355991
1.00566097	9.695052693
1.00612917	9.677543348
1.00664167	9.682756507
1.00729477	9.653909353
1.00810007	9.675674168
1.00873317	9.684211999
1.00946697	9.666996373
1.01025987	9.670701638
1.01107607	9.690505572
1.01156297	9.673522301
1.01227557	9.689107307
1.01289847	9.679241538
1.01353377	9.678726496
1.01415817	9.671071889
1.01468117	9.680865953
1.01538647	9.685550969
1.01596567	9.671101537
1.01659067	9.680470881
1.01707507	9.664956202
1.01781147	9.67547284
1.01846757	9.674395183
1.01897167	9.682091159
1.01974507	9.673774651
1.02030317	9.6700094
1.02095437	9.66812781
1.02152587	9.669952863
1.02211167	9.66977084
1.02274727	9.666274487
1.02345627	9.692209278
1.02415087	9.660053309
1.02491987	9.665651197
1.02559307	9.657537397
1.02610017	9.660170521
1.02674937	9.647988099
1.02731577	9.658264798
1.02814867	9.66379167
1.02877967	9.669220635
1.02950517	9.653823168
1.03011737	9.660376675
1.03076107	9.66723838
1.03157827	9.667198391
1.03229857	9.673466453
1.03291177	9.674071127
1.03363677	9.672260553
1.03446717	9.672615635
1.03521447	9.664378417
1.03595147	9.65912389
1.03674797	9.655598579
1.03754297	9.661748051
1.03849497	9.671764817
1.03900087	9.665303699
1.04002657	9.65919077
1.04094127	9.663768228
1.04145177	9.661874915
1.04220087	9.66417571
1.04311197	9.665271294
1.04371827	9.66147088
1.04460137	9.645553545
1.04586727	9.659199044
1.04675687	9.661556376
1.04748327	9.65567649
1.04834337	9.651458252
1.04936387	9.652524188
1.05034727	9.657590487
1.05108497	9.663629642
1.05207437	9.663324202
1.05275317	9.667051531
1.05390117	9.652323549
1.05481377	9.664750737
1.05569537	9.653794899
1.05653897	9.658085533
1.05713257	9.650901152
1.05770777	9.657372611
1.05821447	9.652862033
1.05882097	9.657018908
1.05941857	9.644798564
1.06007217	9.650714303
1.06067067	9.648236312
1.06135797	9.653562545
1.06191917	9.659156985
1.06250147	9.64199307
1.06302327	9.63556229
1.06378397	9.656827232
1.06502247	9.65208292
1.06532217	9.651121785
1.06634697	9.661681861
1.06751077	9.674026311
1.06841327	9.662110028
1.06906187	9.67007628
1.06987597	9.674437931
1.07068317	9.661925247
1.07124717	9.658202745
1.07275367	9.651218313
1.07313787	9.644334544
1.07402877	9.663270423
1.07540497	9.655287624
1.07598937	9.653209531
1.07669497	9.649186415
1.07734877	9.647994994
1.07817857	9.656462497
1.07896787	9.645641798
1.08006887	9.643964293
1.08079297	9.642184056
1.08150997	9.652551077
1.08232657	9.654793266
1.08326317	9.654167908
1.08393267	9.662248614
1.08511547	9.644226296
1.08543677	9.642581197
1.08644217	9.641975833
1.08708027	9.633408355
1.08792207	9.637465944
1.08849757	9.638265741
1.08941597	9.659282471
1.09008717	9.652601409
1.09070567	9.660208442
1.09133607	9.637281853
1.09202557	9.655754401
1.09266877	9.646648439
1.09327247	9.63825471
1.09378787	9.646163735
1.09449597	9.638170593
1.09519527	9.656706573
1.09580197	9.653798347
1.09654777	9.659211454
1.09727097	9.659581705
1.09785247	9.661156477
1.09842697	9.649438075
1.09895697	9.64504264
1.09966437	9.624519579
1.10021567	9.647935009
1.10082777	9.647012485
1.10147527	9.660841385
1.10202557	9.667597599
1.10261507	9.64180829
1.10329927	9.64093196
1.10385257	9.642681861
1.10455807	9.647395835
1.10518527	9.634617013
1.10597787	9.653346737
1.10668037	9.648911312
1.10735677	9.654611244
1.10817307	9.64357129
1.10893867	9.649200205
1.10971357	9.655316582
1.11046137	9.653785247
1.11146747	9.653931416
1.11220707	9.6665489
1.11306317	9.646145119
1.11381567	9.655089053
1.11472657	9.64078717
1.11542527	9.645881737
1.11609347	9.63997772
1.11711657	9.649263637
1.11783107	9.648829954
1.11865047	9.634601155
1.11924797	9.641523534
1.12023947	9.642899047
1.12087577	9.637449397
1.12179447	9.634380521
1.12259107	9.640360382
1.12377307	9.637783795
1.12476287	9.640605836
1.12547397	9.645199842
1.12638447	9.6446979
1.12712857	9.646486411
1.12822747	9.641444934
1.12884217	9.646420911
1.12993497	9.638498786
1.13132097	9.649515986
1.13178807	9.635378889
1.13268567	9.624767102
1.13346447	9.639060022
1.13395457	9.64072029
1.13454017	9.651713359
1.13518367	9.652469719
1.13585107	9.639533695
1.13649347	9.646547086
1.13697257	9.619549807
1.13747717	9.630413943
1.13816687	9.635504374
1.13879067	9.626062635
1.13954637	9.647188991
1.14087767	9.632991909
1.14145527	9.65394038
1.14191307	9.631350257
1.14291937	9.627424358
1.14369807	9.63158537
1.14445077	9.62560551
1.14530557	9.616941504
1.14669387	9.625799253
1.14706577	9.617086984
1.14850357	9.646149945
1.14982477	9.636393114
1.15038557	9.637794137
1.15155577	9.625850964
1.15269317	9.61164354
1.15290517	9.627112023
1.15391537	9.62964931
1.15474067	9.636263491
1.15566887	9.641217405
1.15654547	9.625059441
1.15744447	9.637103278
1.15817167	9.632582358
1.15893887	9.63456806
1.15980097	9.634334326
1.16029317	9.633964076
1.16132247	9.635203071
1.16204297	9.638183693
1.16274467	9.632649237
1.16357467	9.652331823
1.16413427	9.643778823
1.16478777	9.625926118
1.16539547	9.637456981
1.16594857	9.64863552
1.16667847	9.625216643
1.16717797	9.62344399
1.16781117	9.632958814
1.16832887	9.649213994
1.16911987	9.649580798
1.16982767	9.667878907
1.17062277	9.673927715
1.17102287	9.654508511
1.17178177	9.654504374
1.17230217	9.64093196
1.17290157	9.639159997
1.17353317	9.64201927
1.17410647	9.625463477
1.17471967	9.659618937
1.17535887	9.662081759
1.17610547	9.647275866
1.17673747	9.648430745
1.17745307	9.647544074
1.17794027	9.640201801
1.17884937	9.638258846
1.17932847	9.641683494
1.18026507	9.641353233
1.18080097	9.640357624
1.18175267	9.655268318
1.18270167	9.633399391
1.18364007	9.645139857
1.18464627	9.642434337
1.18544367	9.656946512
1.18620267	9.653308816
1.18721837	9.649810394
1.18802057	9.648014299
1.18936717	9.651559605
1.18955107	9.634854194
1.19041377	9.643057627
1.19170537	9.660141563
1.19313977	9.649338101
1.19394357	9.655221433
1.19473877	9.644220091
1.19510437	9.630212615
1.19614087	9.638054071
1.19730767	9.636577894
1.19808797	9.630958632
1.19906737	9.653777662
1.20001407	9.659825781
1.20063187	9.664553545
1.20114877	9.644746164
1.20190507	9.636322097
1.20241397	9.646232683
1.20283127	9.65510629
1.20355167	9.643964983
1.20417087	9.65472156
1.20487527	9.642956274
1.20555737	9.655203507
1.20625717	9.651874698
1.20659107	9.651441704
1.20776557	9.651647859
1.20896897	9.643453389
1.20948027	9.640384513
1.21033307	9.655535147
1.21152267	9.658439237
1.21217867	9.655679938
1.21315277	9.658688139
1.21421327	9.650698445
1.21496997	9.657669087
1.21568827	9.657487065
1.21675517	9.663748233
1.21758057	9.661330916
1.21840767	9.668121604
1.21928087	9.660590414
1.21988737	9.637106036
1.22058407	9.658401315
1.22138647	9.648837538
1.22231227	9.647799181
1.22309647	9.666863993
1.22410417	9.662229308
1.22470127	9.65197743
1.22545657	9.645696957
1.22632337	9.662539574
1.22686767	9.668061619
1.22785577	9.658870851
1.22865617	9.665045834
1.22951417	9.659387272
1.23017817	9.65999953
1.23078627	9.66421639
1.23149477	9.654161703
1.23209897	9.656628662
1.23274587	9.671529014
1.23346807	9.667998187
1.23413187	9.67259495
1.23466687	9.679586278
1.23522957	9.673584354
1.23577977	9.664079872
1.23642347	9.6601457
1.23685397	9.652612441
1.23743497	9.655498604
1.23857687	9.681955331
1.23918117	9.674171102
1.23982767	9.675920313
1.24045197	9.681802266
1.24099467	9.662764345
1.24158847	9.687255364
1.24222137	9.663733064
1.24310217	9.681496137
1.24364327	9.687231232
1.24420227	9.673094823
1.24483077	9.672730778
1.24542267	9.666785392
1.24610907	9.662815366
1.24678077	9.669534349
1.24761817	9.682042205
1.24816657	9.672152994
1.24888977	9.678065974
1.24969817	9.672421202
1.25067497	9.688099287
1.25147627	9.677034512
1.25217587	9.676615998
1.25304517	9.692172046
1.25375337	9.669495738
1.25449037	9.67667943
1.25533087	9.68768491
1.25627447	9.680902495
1.25695987	9.664552166
1.25771537	9.673255472
1.25875867	9.681420984
1.25976987	9.681587838
1.26059317	9.702071599
1.26129277	9.69879519
1.26212467	9.68586744
1.26309567	9.695033388
1.26384477	9.690712416
1.26479377	9.69358548
1.26574487	9.683862433
1.26608347	9.697212834
1.26742997	9.700567154
1.26789247	9.688899774
1.26856547	9.681247924
1.26908107	9.669184093
1.26953217	9.669808072
1.26994047	9.681374789
1.27050937	9.66209486
1.27107337	9.666759881
1.27145987	9.654089307
1.27201807	9.662218966
1.27253517	9.648190116
1.27302207	9.649282942
1.27360767	9.661918353
1.27412027	9.673686397
1.27467927	9.656964439
1.27516207	9.657775957
1.27590007	9.673190661
1.27696827	9.674616506
1.27782877	9.674149038
1.27848347	9.68049846
1.27929917	9.677603333
1.27995707	9.679074684
1.28125237	9.686943029
1.28193197	9.685548901
1.28344747	9.686496246
1.28434077	9.68638455
1.28485507	9.685321372
1.28593227	9.688472296
1.28683957	9.695497408
1.28795157	9.707564687
1.28890487	9.680310921
1.28986097	9.702297749
1.29062997	9.702040573
1.29152537	9.693397252
1.29236057	9.72016907
1.29312337	9.712753024
1.29423437	9.700951884
1.29519347	9.696937731
1.29563047	9.69330624
1.29643867	9.696575065
1.29716377	9.709743443
1.29794197	9.70940353
1.29852637	9.711870489
1.29910097	9.702250175
1.29962307	9.683711437
1.30014947	9.710319159
1.30099307	9.705954061
1.30140557	9.706789022
1.30197467	9.707146862
1.30252147	9.714433286
1.30322387	9.721383245
1.30379107	9.70539834
1.30450377	9.723894331
1.30498507	9.709667601
1.30576777	9.718452265
1.30638877	9.710910733
1.30717537	9.728346303
1.30759177	9.733298149
1.30828937	9.717233265
1.30892977	9.714690462
1.30972807	9.709017421
1.31040217	9.724822371
1.31104217	9.713893424
1.31185897	9.716526548
1.31275207	9.705121859
1.31310227	9.702623183
1.31405087	9.710494977
1.31483977	9.702942413
1.31570587	9.714037525
1.31652577	9.712150418
1.31756777	9.722289911
1.31826717	9.713696922
1.31884837	9.709938566
1.31982027	9.720276629
1.32077697	9.719562328
1.32159607	9.730278226
1.32253027	9.731628228
1.32393857	9.718144757
1.32479687	9.717699353
1.32541697	9.713299781
1.32630677	9.710285375
1.32717657	9.727189356
1.32795167	9.723262767
1.32913087	9.713083285
1.33043527	9.734517149
1.33138677	9.737985923
1.33186157	9.725832459
1.33252147	9.72890754
1.33313517	9.733083031
1.33367727	9.72067308
1.33437167	9.733671847
1.33485647	9.720984725
1.33558477	9.718400554
1.33608877	9.712839209
1.33661217	9.721226043
1.33728447	9.716142507
1.33793877	9.714132673
1.33919547	9.70913739
1.34015587	9.723342747
1.34089147	9.721454261
1.34153777	9.721171574
1.34278707	9.725047831
1.34356587	9.720332477
1.34436507	9.723344815
1.34473557	9.715536454
1.34620257	9.735996084
1.34695007	9.717713832
1.34811997	9.733802159
1.34897437	9.727586496
1.35001637	9.715570928
1.35058967	9.736906887
1.35147537	9.739226298
1.35228267	9.747867551
1.35300647	9.74088036
1.35382307	9.73010034
1.35460297	9.742965348
1.35538017	9.729341223
1.35615037	9.728885477
1.35699807	9.732803791
1.35737527	9.724539684
1.35814247	9.727716808
1.35874177	9.725378781
1.35942307	9.714610483
1.36017077	9.725046452
1.36084617	9.73208949
1.36170877	9.739113912
1.36227127	9.741770479
1.36288317	9.727409989
1.36368427	9.747978557
1.36400057	9.740970682
1.36462487	9.738485796
1.36516057	9.740307402
1.36575847	9.756773564
1.36612397	9.74618453
1.36671157	9.73539141
1.36723357	9.732132927
1.36754107	9.730371306
1.36818847	9.741971118
1.36869277	9.739536564
1.36924387	9.738032118
1.36995657	9.75707004
1.37052707	9.754811993
1.37101227	9.762155645
1.37164087	9.758132529
1.37234597	9.761002834
1.37299727	9.76037196
1.37366957	9.767194364
1.37459987	9.774076064
1.37508197	9.770293577
1.37586467	9.770580401
1.37670617	9.769976416
1.37733557	9.765009402
1.37829037	9.767543931
1.37933527	9.768195489
1.38021277	9.770518347
1.38078947	9.775677037
1.38160647	9.777908194
1.38228037	9.767354324
1.38301477	9.771781475
1.38386417	9.769779225
1.38472037	9.79169021
1.38554317	9.782846939
1.38669187	9.77649476
1.38759747	9.767217117
1.38826487	9.771936608
1.38900527	9.75258842
1.38954427	9.77380303
1.39067957	9.781544512
1.39137807	9.780786084
1.39285047	9.791012451
1.39347507	9.778639043
1.39419647	9.783837033
1.39500707	9.79265755
1.39564407	9.791479229
1.39618517	9.785449037
1.39678237	9.788366916
1.39734967	9.796706177
1.39794277	9.788589618
1.39847527	9.792370727
1.39919107	9.7917564
1.39973517	9.792000476
1.40061997	9.783557793
1.40181917	9.786100595
1.40295557	9.786932108
1.40353537	9.799138662
1.40482957	9.798296807
1.40550907	9.797991368
1.40641897	9.80114367
1.40814207	9.815917848
1.40902607	9.805639769
1.41046887	9.816951378
1.41129387	9.810824659
1.41227097	9.8101207
1.41321837	9.821957692
1.41395107	9.812537327
1.41466487	9.795160363
1.41546947	9.799303448
1.41615087	9.812262225
1.41732617	9.816399794
1.41799007	9.818863306
1.41877497	9.802530904
1.41943597	9.809282982
1.41981137	9.807204889
1.42041537	9.799874337
1.42120517	9.808534896
1.42179637	9.794861128
1.42242877	9.826360022
1.42324697	9.818843311
1.42379307	9.825185148
1.42450577	9.82752938
1.42510497	9.811983675
1.42573217	9.820593901
1.42631477	9.823985453
1.42698237	9.822069388
1.42757467	9.814858117
1.42819637	9.822461702
1.42860507	9.827434921
1.42921607	9.813005484
1.43001567	9.841525135
1.43048407	9.819237694
1.43122957	9.833704363
1.43168957	9.821116527
1.43231377	9.838880979
1.43293347	9.835401173
1.43351257	9.831912405
1.43423637	9.839625617
1.43501817	9.844002436
1.43577237	9.846571439
1.43650157	9.839763513
1.43734777	9.841841606
1.43814927	9.837032483
1.43885377	9.844349245
1.43977817	9.828493963
1.44047737	9.836004468
1.44153467	9.859375772
1.44223167	9.833650584
1.44322687	9.8336561
1.44431217	9.840280623
1.44537917	9.846422511
1.44652297	9.832055816
1.44736677	9.824381215
1.44837877	9.837345507
1.44899677	9.834486923
1.44990457	9.837417902
1.45066327	9.851031685
1.45192927	9.847482931
1.45247837	9.838812031
1.45335797	9.842971664
1.45418087	9.843577027
1.45488547	9.845186274
1.45547247	9.843466021
1.45613607	9.847483621
1.45664717	9.842097403
1.45753697	9.844168601
1.45823137	9.843788698
1.45892787	9.844922892
1.45959907	9.849734084
1.46019087	9.847090617
1.46141987	9.851628085
1.46245117	9.856508914
1.46317357	9.866036838
1.46388727	9.847350551
1.46483277	9.844454046
1.46536977	9.855265782
1.46656767	9.845837832
1.46740677	9.852785033
1.46849507	9.845872306
1.46954307	9.867588168
1.47047027	9.859759812
1.47122367	9.86565004
1.47177507	9.858109887
1.47283247	9.849847158
1.47353787	9.871423745
1.47439037	9.865448712
1.47528557	9.869586971
1.47591627	9.862907978
1.47665257	9.849174915
1.47758467	9.88290014
1.47831587	9.870811487
1.47902577	9.87088733
1.47972127	9.866562911
1.48020087	9.882490589
1.48109517	9.873982406
1.48168467	9.871580257
1.48214257	9.874773239
1.48277587	9.866154739
1.48339457	9.885171287
1.48412117	9.891494508
1.48479867	9.877811088
1.48526487	9.889637049
1.48591697	9.887668584
1.48641617	9.893499516
1.48693567	9.885838704
1.48760047	9.888966185
1.48840227	9.888070551
1.48888847	9.889206124
1.48947227	9.89654426
1.49005787	9.894465478
1.49069357	9.901776034
1.49138157	9.882659512
1.49192327	9.905048306
1.49242097	9.88614828
1.49318447	9.879969161
1.49381497	9.89780325
1.49482117	9.90488352
1.49553477	9.896688361
1.49607977	9.895816169
1.49698447	9.907815879
1.49729407	9.904902136
1.49835557	9.899905475
1.49902667	9.907019529
1.50042497	9.919411553
1.50109267	9.90854397
1.50173697	9.917386551
1.50259417	9.915346379
1.50306057	9.924339957
1.50394707	9.906557578
1.50450007	9.920289951
1.50560567	9.921770954
1.50671887	9.927184751
1.50689537	9.924051064
1.50813017	9.920416126
1.50889847	9.929967492
1.50981607	9.905691591
1.51052307	9.922906528
1.51166157	9.920828435
1.51258377	9.922615567
1.51429477	9.943743992
1.51460807	9.938148862
1.51541907	9.944448641
1.51623637	9.945571114
1.51672107	9.936527205
1.51739067	9.930065398
1.51798207	9.935602612
1.51843817	9.927936284
1.51915197	9.956205654
1.51961767	9.957825242
1.52034817	9.932102812
1.52102227	9.936098348
1.52227897	9.945118815
1.52314137	9.941172921
1.52419067	9.94821527
1.52512397	9.953544261
1.52595827	9.964093305
1.52676737	9.953018188
1.52808127	9.95845198
1.52936397	9.986212513
1.53057727	9.961863527
1.53123417	9.967498647
1.53206627	9.965865958
1.53294957	9.965124077
1.53360497	9.958383032
1.53456557	9.95392968
1.53556117	9.954930805
1.53619257	9.948238023
1.53708757	9.942357448
1.53768507	9.944577573
1.53840597	9.951551664
1.53910147	9.958838088
1.53957697	9.96146156
1.54027757	9.955804376
1.54063967	9.928423057
1.54115377	9.940715796
1.54168757	9.944592053
1.54231527	9.945334623
1.54285577	9.94671634
1.54341867	9.96558534
1.54414607	9.97147143
1.54478147	10.00105081
1.54533057	10.00559035
1.54596137	10.00350743
1.54647927	9.977519549
1.54709447	9.992721204
1.54769817	9.991407745
1.54826527	9.981038655
1.54879617	10.00671489
1.54943677	9.993416889
1.55020137	9.988998701
1.55067037	10.01216868
1.55130717	10.02018733
1.55205897	10.03273793
1.55257067	10.00417622
1.55318327	10.0029524
1.55399987	10.02321208
1.55452757	10.00809937
1.55531837	10.01450188
1.55613927	10.02622442
1.55694557	9.998668658
1.55796247	10.01249894
1.55873037	10.02835284
1.55980477	10.049322
1.56061597	10.03337088
1.56113877	10.0220572
1.56227427	10.01933168
1.56307987	10.0425975
1.56457317	10.04446461
1.56552587	10.03552343
1.56683497	10.05739719
1.56762657	10.03230287
1.56827217	10.03222358
1.56925917	10.02708006
1.57042747	10.02629336
1.57116637	10.02283769
1.57231037	10.04561742
1.57307927	10.04672128
1.57368077	10.06120518
1.57438747	10.06111073
1.57475547	10.05840658
1.57528357	10.05271424
1.57598797	10.0555742
1.57660437	10.05262874
1.57712127	10.05465237
1.57809127	10.06811308
1.57889517	10.05875477
1.57969097	10.0549454
1.58082007	10.06005444
1.58132557	10.06777317
1.58250367	10.06814756
1.58337017	10.0626331
1.58418757	10.07787957
1.58539877	10.08279901
1.58626977	10.07747484
1.58708467	10.07213827
1.58796237	10.07377096
1.58871577	10.08430001
1.58956477	10.09112793
1.59050717	10.09044672
1.59140137	10.09766006
1.59240627	10.07736453
1.59300867	10.0773859
1.59410277	10.07954673
1.59473087	10.08943318
1.59550537	10.08479781
1.59601817	10.07121299
1.59683747	10.07296082
1.59740317	10.0639307
1.59807057	10.07905651
1.59870557	10.07977702
1.59921457	10.07788991
1.59986077	10.08321683
1.60046017	10.07501409
1.60106777	10.08773637
1.60167297	10.09201873
1.60214567	10.08397664
1.60284997	10.08831278
1.60343127	10.08446203
1.60403367	10.09494902
1.60467887	10.09978504
1.60523167	10.09689612
1.60581547	10.09164435
1.60632827	10.10151977
1.60694457	10.09534203
1.60763247	10.08798941
1.60827267	10.10438318
1.60907547	10.10860004
1.60968197	10.11468608
1.61035027	10.09361005
1.61105457	10.11106838
1.61164067	10.11329126
1.61235227	10.09535375
1.61318407	10.10434457
1.61392097	10.10689702
1.61494107	10.11897258
1.61566137	10.12456909
1.61663347	10.1156479
1.61731917	10.11693723
1.61815087	10.11724543
1.61892027	10.11494946
1.61966067	10.10390192
1.62090377	10.13683218
1.62112897	10.11658491
1.62199977	10.12989463
1.62318707	10.13082956
1.62438637	10.13772712
1.62564497	10.13341718
1.62631257	10.13096057
1.62686667	10.11530868
1.62786187	10.14118004
1.62867497	10.12377549
1.62959917	10.13537875
1.63062567	10.13509607
1.63151697	10.12342386
1.63196437	10.13947978
1.63273197	10.15164841
1.63334307	10.13717761
1.63398187	10.12960643
1.63444637	10.12631416
1.63503477	10.12713257
1.63562077	10.13373917
1.63615157	10.13862551
1.63669497	10.14243489
1.63810517	10.14985576
1.63866807	10.13742237
1.63969547	10.1424735
1.64061657	10.15387819
1.64173507	10.14867675
1.64241517	10.14687169
1.64360647	10.14505905
1.64480827	10.15045423
1.64590717	10.16320548
1.64691077	10.16197682
1.64794977	10.16344128
1.64876057	10.17312985
1.64955817	10.16754162
1.65054647	10.16864478
1.65115617	10.17560715
1.65207297	10.18288117
1.65298847	10.19454027
1.65349507	10.18756618
1.65437597	10.17941446
1.65496077	10.18646026
1.65576547	10.17065324
1.65634997	10.18595418
1.65692407	10.18194485
1.65754557	10.17433506
1.65797887	10.1797068
1.65871327	10.17347942
1.65936767	10.18387609
1.65999497	10.18117057
1.66036117	10.19577858
1.66100487	10.19490363
1.66159297	10.19967552
1.66227647	10.19915841
1.66288447	10.19890813
1.66347717	10.20352971
1.66410637	10.21010391
1.66466047	10.19847652
1.66526137	10.20346077
1.66578197	10.20135372
1.66651687	10.19912049
1.66710527	10.19135281
1.66774377	10.20678613
1.66842007	10.20289953
1.66898897	10.20832436
1.66990037	10.20613388
1.67071707	10.18625479
1.67186637	10.19881505
1.67247577	10.2142725
1.67306887	10.20989706
1.67394677	10.21498956
1.67476477	10.21323552
1.67532337	10.2038586
1.67656297	10.21649056
1.67805577	10.21599
1.67922117	10.21152768
1.68016907	10.21837215
1.68153147	10.2148558
1.68250557	10.22143758
1.68329497	10.22614811
1.68405137	10.22038198
1.68519917	10.23460182
1.68606067	10.22870883
1.68681727	10.22505252
1.68744137	10.22052815
1.68802927	10.24061753
1.68860487	10.22565513
1.68922787	10.21700353
1.68966397	10.22641424
1.69031787	10.22577785
1.69091507	10.23515616
1.69199337	10.23642412
1.69295467	10.25342945
1.69384087	10.23848428
1.69476007	10.24206406
1.69535277	10.23772172
1.69657617	10.23379099
1.69757137	10.24366572
1.69848377	10.24751095
1.69952307	10.25534276
1.70045127	10.24875064
1.70107447	10.25411066
1.70184917	10.24471304
1.70261917	10.24567349
1.70364237	10.25754013
1.70434287	10.24562798
1.70546367	10.26020359
1.70625577	10.25929968
1.70689767	10.24852794
1.70771537	10.25425062
1.70840457	10.26081585
1.70895867	10.2595348
1.70984517	10.27479023
1.71034337	10.27203024
1.71119757	10.28805169
1.71165077	10.26775271
1.71227657	10.26449216
1.71291647	10.2733768
1.71346167	10.27288727
1.71408187	10.27426347
1.71465487	10.27060095
1.71526727	10.27656978
1.71584177	10.27273075
1.71636067	10.27411868
1.71689017	10.27091053
1.71764697	10.28927276
1.71814287	10.28316396
1.71877207	10.27856858
1.71933777	10.27836518
1.72008127	10.28240967
1.72063137	10.2763781
1.72123207	10.28043431
1.72197117	10.29949706
1.72268507	10.29569113
1.72352567	10.29436457
1.72427077	10.28746149
1.72518137	10.29660814
1.72608437	10.29104196
1.72673747	10.28588879
1.72748287	10.27569207
1.72820207	10.28456361
1.72899427	10.25632044
1.72954147	10.27385392
1.73025017	10.27214952
1.73090827	10.27783566
1.73137857	10.27099533
1.73210377	10.25781385
1.73289347	10.26301046
1.73323887	10.26463281
1.73394947	10.26465281
1.73494367	10.27453374
1.73598567	10.27106152
1.73629287	10.27000731
1.73778517	10.28084111
1.73905087	10.2941529
1.73999077	10.28766627
1.74073447	10.29390124
1.74162617	10.30102632
1.74242427	10.30369461
1.74296577	10.29811672
1.74364467	10.29791884
1.74414947	10.2954243
1.74469927	10.31420504
1.74541397	10.31619281
1.74596497	10.29059656
1.74648947	10.29990109
1.74715447	10.31378239
1.74798107	10.31335767
1.74899067	10.30160893
1.75023737	10.31608043
1.75099277	10.31742767
1.75190197	10.32260222
1.75270287	10.31841018
1.75351207	10.30719924
1.75506647	10.3098034
1.75624787	10.32786364
1.75724737	10.32616545
1.75809847	10.32940187
1.75899047	10.3163707
1.75974877	10.32041243
1.76049637	10.3301865
1.76137777	10.34333557
1.76224527	10.31760832
1.76310277	10.3364718
1.76369327	10.34417674
1.76444357	10.33474948
1.76521127	10.32320345
1.76571537	10.33633804
1.76624677	10.33320298
1.76689697	10.33659039
1.76767687	10.35173137
1.76836177	10.35544353
1.76906087	10.35578
1.76949787	10.35382325
1.77009907	10.35198303
1.77063177	10.355085
1.77116857	10.34533093
1.77184997	10.36361249
1.77247447	10.34945471
1.77290667	10.35324271
1.77350307	10.356435
1.77412487	10.36510866
1.77475847	10.35688661
1.77545527	10.34905964
1.77603887	10.35655015
1.77687537	10.3577595
1.77756737	10.36289957
1.77828077	10.36068772
1.77925007	10.36880428
1.77996307	10.37041283
1.78051707	10.36100419
1.78163647	10.37448973
1.78271907	10.38245046
1.78373777	10.3732921
1.78476667	10.39990465
1.78532957	10.37360168
1.78612847	10.38707343
1.78738497	10.38553727
1.78874067	10.39228176
1.78999807	10.38294482
1.79037417	10.37746759
1.79179867	10.38030825
1.79240347	10.39038638
1.79324337	10.38574963
1.79459547	10.38196231
1.79513867	10.38710101
1.79563077	10.38293999
1.79650117	10.39591256
1.79733337	10.38887366
1.79788157	10.39442673
1.79840867	10.39455497
1.79898967	10.39078697
1.79959447	10.38165136
1.80043037	10.39499693
1.80113247	10.39002026
1.80249267	10.40903612
1.80338497	10.39073388
1.80413947	10.40590519
1.80492867	10.3957988
1.80567527	10.40418908
1.80652977	10.3957264
1.80774747	10.40654572
1.80882817	10.4040105
1.80990177	10.40772266
1.81040407	10.42427501
1.81124957	10.39663514
1.81181987	10.41456437
1.81233697	10.39686266
1.81348887	10.41350051
1.81424897	10.41516077
1.81548947	10.42227207
1.81628857	10.43061478
1.81699397	10.43191514
1.81764497	10.43044448
1.81846597	10.41307854
1.81920307	10.43797636
1.81997607	10.42950334
1.82053767	10.41702306
1.82118887	10.42443566
1.82197877	10.44545652
1.82259927	10.43370779
1.82309747	10.44005307
1.82354377	10.42534439
1.82422127	10.42415849
1.82483737	10.44443885
1.82521457	10.43983726
1.82577987	10.44064947
1.82642637	10.44154028
1.82710907	10.44961961
1.82756577	10.44726848
1.82826617	10.44273515
1.82877777	10.45801609
1.82940217	10.46183305
1.83014107	10.4618365
1.83074607	10.45182732
1.83153917	10.46034722
1.83227917	10.45061452
1.83275587	10.46116495
1.83376667	10.44781179
1.83464867	10.46267629
1.83556547	10.45241062
1.83656367	10.46533354
1.83716027	10.43795636
1.83795467	10.43648018
1.83852187	10.45127436
1.83928607	10.46432483
1.84027907	10.47111414
1.84102597	10.46166551
1.84255467	10.47173743
1.84313247	10.48141842
1.84454827	10.48613309
1.84522717	10.48195415
1.84596467	10.48166457
1.84731097	10.47710917
1.84846447	10.49031892
1.84892607	10.48059312
1.84976997	10.48743276
1.85028237	10.48754238
1.85082387	10.4925749
1.85156987	10.49185026
1.85242387	10.47872738
1.85302067	10.47476011
1.85366497	10.4895336
1.85451637	10.49224946
1.85512367	10.49121249
1.85616637	10.4959044
1.85698777	10.48821532
1.85797827	10.49802179
1.85887857	10.48772303
1.86049177	10.49067952
1.86186877	10.49417863
1.86282457	10.50793169
1.86351947	10.49713236
1.86441137	10.5178471
1.86512957	10.49705514
1.86615847	10.51341374
1.86710007	10.4966973
1.86771957	10.50897487
1.86872427	10.51968318
1.86944387	10.51581382
1.87036307	10.51282768
1.87104237	10.52385109
1.87181977	10.52347532
1.87236167	10.54160865
1.87323657	10.53788063
1.87374747	10.5314333
1.87436657	10.5344546
1.87492857	10.52516524
1.87559167	10.53313425
1.87625387	10.55326224
1.87677857	10.54710725
1.87731147	10.54447964
1.87794457	10.54448792
1.87844427	10.53434015
1.87905877	10.54378189
1.87959487	10.55203703
1.87997617	10.54035379
1.88054127	10.53956641
1.88128377	10.55385174
1.88200497	10.55128481
1.88265477	10.57529457
1.88341667	10.56111128
1.88399257	10.55796656
1.88465117	10.55480598
1.88543057	10.54200924
1.88620127	10.55180399
1.88700127	10.54837589
1.88775377	10.55279546
1.88897047	10.55681168
1.88975817	10.55746738
1.89020967	10.55245555
1.89125107	10.5563973
1.89205447	10.53802542
1.89322417	10.55700336
1.89408047	10.5439191
1.89478497	10.54576001
1.89586267	10.55715918
1.89714527	10.55111727
1.89747417	10.53276469
1.89854167	10.54273526
1.89928377	10.57105841
1.89993417	10.55314778
1.90074967	10.560428
1.90129687	10.55399653
1.90182127	10.53940852
1.90244727	10.56420498
1.90288557	10.54963488
1.90338647	10.55053397
1.90399887	10.54638468
1.90459997	10.54615301
1.90521347	10.57132386
1.90641827	10.57266627
1.90735627	10.57204574
1.90849757	10.58026503
1.90964227	10.57942663
1.91031457	10.58060219
1.91141057	10.56964015
1.91285557	10.58391307
1.91388277	10.59453658
1.91460137	10.58695299
1.91542397	10.58972677
1.91614947	10.59404015
1.91700837	10.59387882
1.91791167	10.58262443
1.91878847	10.58459014
1.91965327	10.59105746
1.92046167	10.57409763
1.92112287	10.59331896
1.92198497	10.58525204
1.92278027	10.59932433
1.92355177	10.57748505
1.92444647	10.60316266
1.92506667	10.59573972
1.92580817	10.59749169
1.92650537	10.5945552
1.92708637	10.60131899
1.92765637	10.60329091
1.92822317	10.59358303
1.92885517	10.59870587
1.92926997	10.59642644
1.92994067	10.59099265
1.93062517	10.61211143
1.93124717	10.62167589
1.93196757	10.6203907
1.93231237	10.60737539
1.93289637	10.60067364
1.93354747	10.59513091
1.93399397	10.58848226
1.93462117	10.59890306
1.93532057	10.6120542
1.93608147	10.61365586
1.93674397	10.62278526
1.93742217	10.61408403
1.93812327	10.62390429
1.93885497	10.61210453
1.93968357	10.60812692
1.94063617	10.60152101
1.94151647	10.6149838
1.94227437	10.62788052
1.94320627	10.62471167
1.94393067	10.62621543
1.94459337	10.62353611
1.94522587	10.60925077
1.94639717	10.62236744
1.94714737	10.62375467
1.94858907	10.62305209
1.94940547	10.61772448
1.95022917	10.62513225
1.95100887	10.62530669
1.95239297	10.62428075
1.95267617	10.634836
1.95373597	10.63869984
1.95481277	10.64010293
1.95549507	10.64104063
1.95593087	10.64587733
1.95671467	10.65067128
1.95727737	10.64610762
1.95783587	10.64699704
1.95847917	10.66040123
1.95920447	10.63868743
1.96006147	10.64254369
1.96105637	10.63942311
1.96203517	10.64064693
1.96297897	10.6391942
1.96390487	10.65219021
1.96502377	10.6630378
1.96630587	10.63612257
1.96756297	10.66081905
1.96892207	10.65187374
1.96953507	10.64814848
1.97039657	10.65537285
1.97146067	10.6496219
1.97216457	10.64775961
1.97313767	10.65576102
1.97407267	10.66159196
1.97478907	10.65503707
1.97543527	10.65389598
1.97603197	10.6601737
1.97677577	10.66152577
1.97735317	10.6598917
1.97805947	10.66604462
1.97878627	10.66033641
1.97953847	10.66066116
1.98006687	10.66066874
1.98071157	10.67530227
1.98141007	10.67467346
1.98191667	10.66381346
1.98237857	10.66406788
1.98308117	10.65932495
1.98382197	10.66543236
1.98439087	10.67202931
1.98489797	10.67572699
1.98536177	10.678951
1.98615567	10.66592534
1.98667817	10.65802321
1.98727847	10.65974484
1.98814107	10.65795978
1.98896637	10.68039546
1.98949987	10.67208515
1.99035487	10.66200358
1.99099837	10.66296195
1.99197237	10.68175028
1.99301657	10.68696344
1.99385977	10.67884757
1.99477697	10.67897513
1.99569227	10.68538936
1.99647627	10.68537005
1.99797067	10.68709996
1.99865137	10.68351811
1.99996387	10.67143084
2.00095977	10.67464795
2.00184607	10.67467484
2.00278537	10.68623328
2.00411347	10.70474582
2.00456047	10.69436915
2.00571237	10.69634037
2.00658817	10.70287526
2.00719497	10.69056253
2.00766397	10.68950556
2.00833027	10.68039959
2.00896897	10.69190219
2.00945697	10.68349949
2.01015417	10.70065238
2.01068427	10.70234023
2.01156177	10.69918034
2.01218487	10.69289642
2.01349097	10.70127774
2.01430867	10.68821071
2.01509967	10.69557505
2.01614797	10.69683611
2.01741237	10.70835732
2.01798887	10.70627509
2.01934857	10.71205569
2.01995857	10.71212877
2.02087187	10.71333192
2.02188477	10.70520984
2.02260747	10.70772024
2.02315767	10.71771632
2.02380497	10.70588691
2.02481097	10.71185298
2.02566777	10.71030992
2.02663987	10.71442405
2.02771907	10.72605972
2.02834757	10.72213864
2.02919377	10.71091046
2.02995427	10.72246959
2.03045947	10.71321195
2.03113337	10.71955654
2.03176867	10.7225806
2.03245417	10.73810286
2.03302187	10.73718241
2.03359107	10.73331442
2.03419457	10.7436387
2.03478337	10.72422363
2.03537717	10.72241788
2.03595297	10.72730836
2.03657897	10.73808287
2.03717517	10.72927062
2.03769507	10.73430038
2.03814457	10.72724907
2.03868027	10.73417145
2.03945827	10.73890887
2.03988577	10.72699189
2.04082057	10.75491239
2.04138327	10.73521463
2.04220077	10.72988495
2.04298327	10.73498917
2.04356757	10.73320962
2.04461997	10.74291199
2.04553647	10.74352493
2.04668567	10.7431864
2.04742177	10.75594109
2.04818657	10.74767629
2.04920207	10.74372695
2.04981787	10.74745773
2.05058087	10.73929015
2.05140727	10.73924878
2.05272477	10.74912558
2.05354017	10.75475243
2.05446597	10.75346793
2.05565157	10.77038432
2.05641967	10.75749449
2.05726497	10.75980838
2.05796287	10.76319166
2.05899107	10.76367223
2.05956937	10.75803435
2.06010997	10.76052268
2.06066037	10.75327556
2.06137037	10.76404869
2.06175117	10.75588317
2.06247607	10.77871875
2.06298397	10.76990995
2.06368047	10.77342561
2.06460917	10.7726727
2.06584597	10.77784725
2.06682687	10.76951075
2.06737147	10.77884562
2.06875617	10.7812912
2.07006077	10.77989776
2.07086187	10.78789711
2.07256587	10.79798558
2.07349677	10.78946568
2.07430687	10.79355429
2.07501377	10.79040268
2.07598997	10.80234723
2.07679627	10.77594773
2.07740447	10.7921974
2.07808987	10.77879459
2.07913577	10.78735173
2.07987257	10.80580153
2.08067147	10.80095103
2.08132397	10.81768678
2.08187557	10.78128982
2.08248587	10.79674521
2.08320717	10.79521249
2.08384177	10.81344027
2.08457167	10.79694791
2.08529497	10.81253223
2.08580867	10.79227117
2.08655447	10.8062552
2.08711367	10.81445174
